depth	min	max	median	mean
74	547	867	733	727
75	555	869	736	731
76	561	871	740	734
77	565	874	744	738
78	571	877	747	741
79	576	881	750	745
80	580	883	754	749
81	585	888	757	752
82	589	891	760	756
83	594	895	764	759
84	598	900	768	763
85	602	901	771	766
86	607	904	774	770
87	613	907	778	773
88	618	911	781	777
89	623	914	785	780
90	628	916	788	784
91	633	919	791	787
92	636	922	794	790
93	639	925	798	794
94	645	928	801	797
95	649	931	805	801
96	653	933	809	805
97	657	935	812	808
98	662	937	816	812
99	666	939	819	816
100	670	943	823	819
101	674	944	826	823
102	678	947	830	827
103	682	951	834	830
104	685	955	837	834
105	690	957	841	837
106	695	959	844	841
107	701	962	848	844
108	702	965	851	848
109	706	968	855	851
110	711	973	858	855
111	715	976	861	858
112	719	980	865	862
113	726	984	868	866
114	729	988	872	869
115	734	990	875	873
116	741	993	879	876
117	746	995	882	880
118	752	998	885	883
119	757	1001	889	887
120	762	1004	893	891
121	766	1006	897	894
122	772	1010	900	898
123	776	1013	904	901
124	781	1017	907	905
125	787	1019	910	909
126	792	1021	914	912
127	796	1022	918	916
128	801	1025	922	920
129	806	1027	925	923
130	810	1031	929	927
131	813	1034	933	930
132	817	1037	936	934
133	822	1040	939	938
134	825	1043	943	941
135	832	1046	946	945
136	838	1049	949	948
137	844	1050	953	952
138	849	1052	956	955
139	854	1054	959	959
140	858	1058	963	962
141	862	1060	966	966
142	864	1064	970	969
143	868	1068	973	973
144	871	1071	977	976
145	876	1073	981	979
146	882	1074	984	983
147	887	1077	987	986
148	892	1080	990	989
149	896	1083	993	993
150	901	1086	996	996
151	904	1091	1000	999
152	907	1095	1003	1003
153	911	1099	1006	1006
154	914	1104	1010	1010
155	918	1106	1013	1013
156	924	1108	1016	1016
157	927	1110	1019	1019
158	931	1113	1023	1023
159	935	1117	1026	1026
160	938	1121	1029	1029
161	942	1126	1033	1033
162	944	1129	1036	1036
163	947	1132	1039	1039
164	950	1135	1042	1042
165	955	1139	1046	1046
166	959	1142	1049	1049
167	963	1145	1052	1053
168	968	1148	1055	1056
169	971	1151	1059	1060
170	975	1155	1062	1063
171	978	1158	1066	1067
172	981	1163	1069	1070
173	984	1168	1073	1074
174	987	1173	1076	1077
175	991	1176	1079	1081
176	996	1178	1082	1084
177	1000	1182	1086	1088
178	1004	1184	1090	1091
179	1007	1187	1094	1095
180	1011	1190	1098	1099
181	1014	1194	1102	1102
182	1017	1198	1105	1106
183	1020	1201	1108	1109
184	1022	1207	1113	1113
185	1025	1211	1116	1116
186	1028	1214	1119	1120
187	1032	1221	1123	1124
188	1034	1225	1127	1127
189	1037	1229	1130	1131
190	1040	1234	1134	1135
191	1043	1239	1138	1138
192	1046	1245	1141	1142
193	1049	1252	1145	1146
194	1050	1258	1148	1149
195	1054	1261	1152	1153
196	1058	1265	1155	1156
197	1061	1268	1159	1160
198	1063	1273	1162	1163
199	1066	1278	1165	1167
200	1069	1283	1169	1170
201	1070	1288	1172	1174
202	1072	1293	1175	1177
203	1074	1299	1179	1181
204	1076	1304	1182	1184
205	1080	1308	1185	1188
206	1084	1313	1189	1191
207	1086	1316	1192	1195
208	1090	1321	1195	1198
209	1092	1326	1199	1202
210	1094	1332	1203	1206
211	1097	1337	1206	1209
212	1099	1340	1209	1213
213	1102	1345	1213	1216
214	1105	1349	1217	1220
215	1108	1355	1220	1223
216	1110	1360	1224	1227
217	1115	1364	1227	1230
218	1117	1369	1231	1234
219	1120	1371	1234	1238
220	1122	1376	1238	1241
221	1124	1381	1241	1245
222	1126	1386	1244	1248
223	1129	1392	1248	1252
224	1131	1399	1251	1255
225	1134	1403	1255	1259
226	1137	1407	1258	1262
227	1139	1411	1261	1266
228	1144	1416	1265	1269
229	1146	1421	1268	1273
230	1147	1426	1271	1276
231	1150	1430	1275	1279
232	1152	1436	1279	1283
233	1154	1440	1282	1286
234	1156	1447	1285	1290
235	1160	1451	1289	1293
236	1163	1454	1293	1297
237	1166	1457	1296	1300
238	1169	1464	1300	1304
239	1171	1466	1303	1307
240	1173	1472	1307	1311
241	1175	1478	1310	1314
242	1177	1483	1314	1317
243	1179	1490	1317	1321
244	1182	1495	1320	1324
245	1185	1499	1323	1328
246	1189	1503	1327	1331
247	1191	1507	1331	1335
248	1194	1509	1335	1339
249	1198	1514	1338	1342
250	1200	1517	1342	1346
251	1202	1521	1346	1349
252	1206	1525	1349	1353
253	1209	1530	1353	1356
254	1211	1535	1356	1360
255	1214	1538	1359	1363
256	1218	1543	1363	1367
257	1221	1547	1366	1370
258	1224	1552	1369	1374
259	1225	1556	1372	1377
260	1228	1561	1376	1381
261	1231	1565	1380	1384
262	1233	1567	1383	1387
263	1236	1572	1386	1391
264	1238	1577	1390	1394
265	1242	1582	1394	1398
266	1246	1586	1397	1402
267	1249	1589	1401	1405
268	1252	1595	1404	1409
269	1255	1601	1408	1412
270	1258	1606	1411	1416
271	1260	1610	1415	1419
272	1262	1614	1418	1423
273	1263	1619	1421	1426
274	1265	1625	1425	1430
275	1267	1628	1429	1433
276	1270	1633	1433	1437
277	1274	1638	1436	1441
278	1279	1643	1440	1444
279	1282	1649	1443	1448
280	1286	1654	1447	1451
281	1287	1658	1451	1455
282	1289	1663	1455	1458
283	1292	1669	1458	1462
284	1294	1673	1461	1465
285	1297	1677	1465	1469
286	1299	1681	1468	1472
287	1302	1687	1471	1475
288	1305	1689	1474	1479
289	1308	1694	1478	1482
290	1312	1699	1481	1486
291	1314	1702	1484	1489
292	1317	1706	1488	1493
293	1320	1711	1491	1496
294	1322	1717	1494	1500
295	1324	1720	1498	1503
296	1327	1724	1501	1507
297	1329	1727	1505	1510
298	1333	1730	1509	1514
299	1335	1735	1512	1517
300	1337	1738	1516	1520
301	1340	1742	1519	1524
302	1342	1747	1523	1527
303	1345	1751	1526	1531
304	1346	1755	1529	1534
305	1348	1758	1533	1538
306	1352	1764	1536	1541
307	1353	1768	1539	1545
308	1355	1770	1542	1548
309	1358	1775	1546	1551
310	1363	1780	1549	1555
311	1365	1783	1553	1558
312	1369	1787	1557	1562
313	1370	1793	1560	1565
314	1372	1797	1564	1569
315	1375	1801	1567	1572
316	1380	1803	1570	1575
317	1384	1806	1573	1579
318	1387	1809	1576	1582
319	1390	1813	1579	1586
320	1395	1817	1583	1589
321	1397	1823	1586	1593
322	1399	1829	1590	1596
323	1402	1833	1593	1600
324	1404	1837	1596	1603
325	1406	1841	1600	1606
326	1409	1844	1603	1610
327	1413	1850	1607	1614
328	1416	1855	1611	1617
329	1418	1860	1614	1621
330	1422	1864	1617	1624
331	1424	1868	1620	1628
332	1425	1873	1623	1631
333	1429	1879	1627	1635
334	1431	1884	1631	1638
335	1435	1888	1635	1642
336	1438	1891	1639	1645
337	1441	1895	1643	1648
338	1444	1900	1646	1652
339	1447	1903	1649	1655
340	1451	1907	1652	1659
341	1455	1911	1656	1662
342	1458	1915	1659	1666
343	1461	1919	1663	1669
344	1464	1923	1666	1673
345	1467	1925	1670	1676
346	1469	1930	1673	1680
347	1473	1932	1677	1683
348	1476	1936	1680	1687
349	1479	1940	1684	1690
350	1483	1944	1687	1694
351	1486	1949	1691	1698
352	1488	1955	1694	1701
353	1491	1959	1697	1705
354	1494	1961	1701	1708
355	1498	1965	1705	1712
356	1499	1969	1708	1715
357	1503	1972	1711	1718
358	1505	1976	1714	1722
359	1510	1982	1718	1725
360	1513	1986	1722	1728
361	1515	1990	1725	1732
362	1517	1994	1729	1735
363	1519	1997	1732	1739
364	1521	2002	1735	1742
365	1524	2006	1738	1745
366	1527	2009	1741	1749
367	1531	2013	1745	1752
368	1534	2018	1748	1756
369	1538	2021	1752	1759
370	1541	2027	1756	1763
371	1544	2032	1760	1766
372	1545	2035	1763	1769
373	1547	2038	1767	1773
374	1548	2044	1770	1776
375	1553	2047	1774	1780
376	1558	2050	1779	1784
377	1564	2054	1783	1788
378	1569	2057	1787	1792
379	1572	2061	1791	1796
380	1574	2070	1795	1800
381	1579	2077	1798	1805
382	1582	2083	1802	1809
383	1586	2088	1806	1813
384	1589	2096	1810	1817
385	1594	2101	1815	1821
386	1598	2105	1819	1826
387	1602	2109	1824	1830
388	1607	2112	1827	1834
389	1610	2115	1831	1839
390	1614	2121	1835	1843
391	1617	2127	1840	1848
392	1620	2133	1844	1852
393	1623	2139	1849	1857
394	1626	2145	1854	1861
395	1632	2149	1858	1866
396	1636	2153	1863	1870
397	1642	2157	1868	1875
398	1646	2160	1872	1879
399	1652	2167	1877	1884
400	1655	2172	1882	1889
401	1659	2177	1887	1893
402	1663	2183	1891	1898
403	1666	2188	1895	1902
404	1670	2196	1899	1907
405	1673	2201	1904	1911
406	1677	2205	1908	1916
407	1681	2210	1913	1920
408	1684	2214	1918	1925
409	1688	2219	1923	1929
410	1692	2223	1927	1934
411	1695	2226	1931	1938
412	1699	2231	1936	1943
413	1702	2237	1939	1947
414	1705	2242	1945	1952
415	1708	2246	1949	1956
416	1712	2251	1955	1961
417	1716	2257	1959	1966
418	1720	2265	1964	1970
419	1724	2272	1968	1975
420	1728	2278	1973	1979
421	1732	2280	1978	1984
422	1735	2283	1983	1989
423	1739	2287	1987	1993
424	1742	2295	1991	1998
425	1746	2298	1996	2002
426	1750	2303	2000	2007
427	1755	2309	2005	2011
428	1760	2314	2010	2016
429	1765	2316	2014	2020
430	1769	2321	2018	2025
431	1774	2327	2023	2030
432	1777	2331	2027	2034
433	1780	2337	2031	2039
434	1782	2339	2035	2043
435	1788	2345	2040	2048
436	1793	2350	2044	2052
437	1797	2353	2048	2057
438	1800	2358	2052	2061
439	1804	2362	2057	2066
440	1808	2368	2061	2070
441	1810	2374	2066	2075
442	1814	2379	2070	2079
443	1817	2384	2075	2084
444	1821	2389	2079	2088
445	1826	2394	2084	2093
446	1830	2399	2088	2097
447	1833	2402	2091	2102
448	1837	2406	2096	2106
449	1842	2410	2101	2111
450	1847	2415	2106	2115
451	1850	2421	2110	2120
452	1853	2426	2116	2124
453	1856	2430	2121	2129
454	1860	2436	2125	2133
455	1865	2440	2130	2138
456	1869	2443	2134	2142
457	1874	2446	2139	2147
458	1878	2453	2143	2151
459	1882	2457	2148	2156
460	1884	2464	2153	2160
461	1889	2469	2157	2165
462	1894	2473	2162	2169
463	1898	2479	2166	2174
464	1902	2483	2171	2178
465	1909	2490	2176	2183
466	1911	2498	2180	2187
467	1916	2503	2184	2192
468	1920	2507	2188	2196
469	1926	2511	2192	2201
470	1928	2514	2198	2205
471	1935	2520	2202	2210
472	1938	2526	2206	2214
473	1942	2532	2210	2219
474	1946	2539	2214	2223
475	1950	2544	2219	2228
476	1952	2549	2225	2232
477	1957	2554	2229	2237
478	1961	2558	2234	2241
479	1964	2562	2240	2246
480	1968	2567	2245	2250
481	1972	2572	2249	2255
482	1976	2580	2255	2259
483	1981	2585	2259	2264
484	1985	2590	2264	2268
485	1992	2594	2269	2273
486	1996	2598	2273	2278
487	2000	2601	2278	2282
488	2004	2605	2281	2287
489	2007	2609	2286	2291
490	2011	2613	2289	2296
491	2015	2620	2295	2300
492	2020	2624	2300	2305
493	2023	2630	2305	2309
494	2027	2634	2309	2314
495	2030	2637	2313	2318
496	2035	2642	2318	2323
497	2039	2645	2323	2327
498	2043	2652	2327	2332
499	2047	2658	2331	2336
500	2053	2663	2335	2341
501	2057	2669	2339	2345
502	2060	2674	2343	2350
503	2063	2678	2348	2354
504	2065	2683	2353	2359
505	2070	2691	2357	2363
506	2075	2696	2361	2368
507	2080	2703	2366	2372
508	2084	2708	2369	2377
509	2088	2714	2374	2381
510	2092	2718	2378	2386
511	2096	2724	2383	2391
512	2100	2729	2388	2395
513	2104	2733	2392	2400
514	2108	2738	2397	2404
515	2113	2744	2401	2409
516	2118	2749	2406	2413
517	2121	2752	2410	2418
518	2126	2755	2415	2422
519	2130	2759	2420	2427
520	2135	2763	2425	2431
521	2138	2768	2429	2436
522	2141	2774	2433	2440
523	2145	2779	2437	2445
524	2148	2782	2442	2450
525	2154	2787	2446	2454
526	2159	2789	2450	2459
527	2164	2794	2455	2463
528	2168	2798	2460	2468
529	2172	2805	2464	2472
530	2175	2806	2468	2477
531	2179	2810	2471	2481
532	2183	2815	2477	2486
533	2187	2821	2483	2491
534	2190	2828	2488	2495
535	2195	2831	2493	2500
536	2199	2834	2498	2504
537	2205	2840	2501	2509
538	2212	2845	2505	2513
539	2219	2850	2511	2518
540	2225	2856	2516	2523
541	2229	2860	2521	2527
542	2235	2866	2526	2532
543	2239	2872	2531	2536
544	2243	2879	2535	2541
545	2246	2881	2539	2545
546	2249	2885	2543	2550
547	2254	2886	2548	2554
548	2260	2888	2551	2558
549	2266	2893	2556	2563
550	2268	2896	2561	2567
551	2270	2902	2565	2572
552	2275	2906	2570	2576
553	2280	2909	2575	2580
554	2282	2915	2580	2585
555	2288	2919	2585	2589
556	2292	2924	2589	2594
557	2297	2929	2593	2598
558	2302	2934	2598	2603
559	2308	2937	2602	2607
560	2311	2943	2607	2612
561	2317	2947	2612	2616
562	2322	2954	2617	2620
563	2324	2958	2621	2625
564	2327	2965	2626	2629
565	2331	2970	2631	2634
566	2336	2977	2635	2638
567	2340	2982	2640	2643
568	2344	2989	2644	2648
569	2348	2993	2649	2652
570	2351	2998	2653	2657
571	2355	3002	2658	2661
572	2360	3009	2664	2666
573	2363	3015	2668	2670
574	2366	3018	2673	2675
575	2372	3023	2677	2679
576	2375	3027	2682	2684
577	2380	3034	2686	2688
578	2385	3041	2690	2692
579	2388	3046	2694	2697
580	2389	3048	2698	2701
581	2394	3054	2703	2705
582	2398	3056	2707	2710
583	2402	3060	2712	2714
584	2408	3066	2716	2719
585	2414	3070	2720	2723
586	2419	3074	2725	2727
587	2422	3078	2730	2732
588	2426	3084	2734	2736
589	2430	3091	2738	2741
590	2434	3096	2743	2745
591	2438	3101	2746	2750
592	2440	3106	2751	2754
593	2444	3111	2755	2759
594	2447	3116	2759	2763
595	2452	3119	2763	2768
596	2456	3125	2768	2772
597	2461	3131	2772	2777
598	2464	3136	2777	2781
599	2469	3141	2781	2785
600	2472	3143	2786	2790
601	2476	3148	2790	2794
602	2478	3152	2794	2798
603	2482	3155	2798	2803
604	2484	3159	2802	2807
605	2488	3162	2806	2812
606	2493	3170	2811	2816
607	2500	3174	2816	2820
608	2504	3178	2820	2825
609	2509	3185	2824	2829
610	2513	3190	2828	2834
611	2518	3194	2833	2838
612	2522	3199	2837	2843
613	2525	3204	2842	2847
614	2529	3209	2846	2852
615	2535	3213	2850	2856
616	2540	3215	2855	2860
617	2545	3220	2860	2865
618	2549	3228	2864	2869
619	2554	3233	2868	2874
620	2559	3239	2874	2878
621	2562	3244	2877	2883
622	2565	3249	2881	2887
623	2569	3253	2886	2891
624	2572	3257	2889	2896
625	2578	3263	2895	2900
626	2582	3267	2900	2905
627	2586	3272	2904	2910
628	2588	3276	2909	2914
629	2593	3280	2914	2919
630	2598	3284	2918	2924
631	2601	3287	2923	2928
632	2605	3290	2927	2933
633	2609	3297	2931	2937
634	2611	3304	2936	2942
635	2618	3307	2941	2947
636	2623	3311	2945	2951
637	2628	3314	2950	2956
638	2634	3319	2955	2961
639	2639	3323	2959	2965
640	2643	3327	2964	2970
641	2646	3330	2969	2974
642	2651	3335	2973	2979
643	2655	3340	2978	2984
644	2658	3343	2982	2988
645	2668	3349	2987	2993
646	2668	3356	2990	2997
647	2673	3360	2994	3002
648	2681	3365	2999	3006
649	2684	3371	3005	3010
650	2687	3376	3009	3015
651	2691	3382	3014	3019
652	2695	3385	3017	3024
653	2700	3391	3021	3028
654	2703	3398	3026	3033
655	2709	3401	3030	3037
656	2716	3403	3035	3042
657	2719	3406	3040	3046
658	2723	3409	3044	3050
659	2728	3413	3049	3055
660	2731	3416	3054	3059
661	2735	3424	3059	3064
662	2738	3430	3063	3068
663	2742	3437	3067	3072
664	2744	3443	3072	3077
665	2747	3445	3077	3081
666	2751	3450	3081	3086
667	2756	3454	3085	3090
668	2760	3459	3090	3095
669	2766	3466	3094	3100
670	2770	3468	3099	3104
671	2774	3474	3104	3109
672	2778	3478	3108	3113
673	2782	3481	3112	3118
674	2785	3485	3116	3122
675	2788	3488	3121	3127
676	2792	3493	3126	3131
677	2799	3499	3132	3136
678	2805	3504	3137	3140
679	2808	3507	3141	3145
680	2812	3510	3146	3149
681	2815	3514	3151	3154
682	2818	3518	3155	3158
683	2822	3524	3160	3163
684	2824	3531	3165	3167
685	2829	3535	3169	3172
686	2834	3539	3174	3176
687	2836	3541	3179	3181
688	2843	3547	3183	3185
689	2845	3550	3188	3190
690	2850	3555	3192	3194
691	2856	3559	3196	3199
692	2859	3565	3200	3203
693	2862	3572	3203	3208
694	2867	3578	3207	3212
695	2872	3583	3211	3217
696	2878	3586	3216	3221
697	2882	3593	3220	3225
698	2884	3596	3224	3230
699	2888	3601	3229	3234
700	2892	3606	3234	3239
701	2896	3609	3238	3243
702	2900	3614	3242	3247
703	2904	3620	3247	3252
704	2908	3627	3252	3256
705	2914	3630	3256	3261
706	2917	3632	3260	3265
707	2920	3635	3265	3270
708	2925	3638	3270	3274
709	2931	3643	3274	3278
710	2935	3646	3279	3283
711	2940	3651	3283	3287
712	2944	3655	3287	3292
713	2949	3663	3292	3296
714	2952	3670	3296	3301
715	2956	3675	3300	3305
716	2960	3684	3305	3310
717	2963	3687	3309	3314
718	2968	3689	3313	3319
719	2971	3693	3318	3323
720	2975	3696	3322	3328
721	2979	3702	3326	3332
722	2982	3707	3331	3337
723	2987	3715	3336	3341
724	2991	3719	3341	3346
725	2998	3728	3345	3350
726	3004	3733	3349	3355
727	3010	3736	3353	3359
728	3015	3741	3357	3364
729	3017	3745	3361	3368
730	3021	3751	3365	3373
731	3025	3757	3369	3377
732	3028	3762	3373	3381
733	3031	3768	3378	3386
734	3037	3771	3382	3390
735	3041	3775	3387	3395
736	3049	3779	3391	3400
737	3054	3783	3396	3404
738	3059	3785	3402	3409
739	3064	3789	3406	3413
740	3069	3793	3411	3418
741	3075	3797	3415	3423
742	3079	3803	3421	3427
743	3083	3805	3426	3432
744	3087	3813	3430	3436
745	3092	3816	3434	3441
746	3094	3819	3438	3445
747	3097	3824	3442	3449
748	3101	3829	3447	3454
749	3105	3834	3451	3458
750	3110	3839	3456	3463
751	3114	3845	3460	3467
752	3118	3850	3465	3471
753	3123	3855	3470	3476
754	3128	3859	3474	3480
755	3132	3864	3477	3485
756	3136	3869	3482	3489
757	3141	3875	3486	3494
758	3144	3879	3491	3498
759	3146	3883	3496	3503
760	3151	3887	3500	3508
761	3156	3894	3505	3512
762	3161	3900	3510	3517
763	3166	3905	3514	3521
764	3170	3909	3519	3526
765	3172	3911	3524	3530
766	3177	3914	3528	3535
767	3181	3918	3532	3539
768	3187	3921	3537	3543
769	3191	3926	3542	3548
770	3196	3929	3547	3552
771	3200	3934	3552	3557
772	3205	3938	3557	3561
773	3208	3943	3562	3566
774	3214	3948	3567	3570
775	3222	3951	3571	3574
776	3227	3955	3575	3579
777	3230	3958	3581	3583
778	3238	3964	3585	3588
779	3242	3970	3589	3592
780	3246	3975	3594	3597
781	3250	3981	3597	3601
782	3253	3988	3601	3605
783	3256	3991	3607	3610
784	3260	3996	3611	3614
785	3263	3999	3615	3619
786	3267	4001	3620	3623
787	3271	4003	3625	3628
788	3275	4007	3629	3632
789	3277	4011	3634	3636
790	3280	4015	3638	3641
791	3284	4022	3643	3645
792	3288	4027	3648	3650
793	3290	4031	3653	3654
794	3293	4035	3658	3659
795	3298	4040	3662	3663
796	3305	4046	3666	3668
797	3310	4050	3670	3672
798	3316	4055	3674	3676
799	3322	4057	3679	3681
800	3327	4060	3684	3685
801	3330	4064	3688	3690
802	3331	4068	3692	3694
803	3337	4074	3696	3699
804	3340	4076	3701	3703
805	3344	4083	3705	3708
806	3349	4088	3710	3712
807	3353	4093	3714	3717
808	3357	4097	3719	3721
809	3363	4103	3724	3726
810	3367	4107	3729	3730
811	3369	4112	3733	3735
812	3373	4119	3737	3739
813	3378	4124	3742	3744
814	3383	4129	3746	3748
815	3387	4133	3751	3753
816	3394	4136	3755	3757
817	3402	4139	3759	3762
818	3406	4144	3763	3766
819	3412	4148	3768	3770
820	3417	4152	3773	3775
821	3422	4155	3777	3779
822	3427	4158	3782	3784
823	3432	4164	3787	3788
824	3435	4170	3790	3793
825	3440	4174	3794	3797
826	3444	4176	3799	3801
827	3446	4179	3803	3806
828	3452	4184	3807	3810
829	3455	4188	3811	3815
830	3462	4193	3815	3819
831	3465	4199	3820	3823
832	3468	4204	3824	3828
833	3472	4209	3829	3832
834	3475	4213	3834	3837
835	3478	4217	3838	3841
836	3482	4222	3842	3846
837	3487	4226	3847	3850
838	3494	4231	3851	3855
839	3496	4235	3856	3859
840	3500	4239	3860	3864
841	3503	4244	3864	3868
842	3507	4248	3869	3873
843	3510	4255	3873	3877
844	3515	4259	3878	3882
845	3519	4263	3882	3886
846	3526	4267	3886	3890
847	3531	4271	3891	3895
848	3535	4275	3896	3899
849	3539	4278	3900	3904
850	3546	4282	3905	3908
851	3551	4286	3909	3912
852	3555	4289	3915	3917
853	3562	4294	3920	3921
854	3566	4300	3924	3926
855	3570	4307	3929	3930
856	3576	4311	3934	3935
857	3579	4315	3940	3939
858	3584	4319	3944	3944
859	3589	4323	3948	3948
860	3592	4328	3952	3953
861	3595	4334	3958	3957
862	3599	4339	3962	3962
863	3602	4343	3966	3966
864	3606	4348	3971	3971
865	3609	4357	3974	3975
866	3615	4360	3978	3979
867	3616	4366	3983	3984
868	3625	4369	3987	3988
869	3631	4373	3992	3993
870	3635	4377	3996	3997
871	3637	4382	4000	4001
872	3640	4386	4004	4006
873	3645	4391	4008	4010
874	3649	4396	4012	4015
875	3654	4399	4016	4019
876	3658	4401	4020	4023
877	3663	4405	4026	4028
878	3668	4409	4030	4032
879	3671	4415	4035	4037
880	3674	4420	4040	4041
881	3679	4424	4044	4046
882	3683	4429	4049	4050
883	3687	4433	4054	4054
884	3690	4439	4058	4059
885	3694	4443	4063	4064
886	3697	4445	4068	4068
887	3700	4448	4072	4073
888	3703	4454	4076	4077
889	3705	4460	4081	4082
890	3708	4468	4086	4087
891	3713	4474	4091	4091
892	3717	4479	4096	4096
893	3718	4484	4101	4100
894	3723	4488	4105	4105
895	3727	4491	4109	4109
896	3733	4496	4114	4114
897	3741	4498	4118	4118
898	3745	4503	4122	4122
899	3750	4508	4126	4127
900	3755	4512	4131	4131
901	3760	4515	4135	4136
902	3765	4519	4139	4140
903	3768	4525	4143	4144
904	3771	4530	4148	4149
905	3777	4533	4152	4153
906	3783	4536	4157	4157
907	3787	4539	4161	4162
908	3790	4543	4165	4166
909	3794	4549	4169	4171
910	3796	4553	4173	4175
911	3803	4557	4177	4179
912	3811	4562	4182	4184
913	3817	4567	4186	4188
914	3822	4572	4190	4193
915	3825	4577	4195	4197
916	3829	4582	4200	4201
917	3834	4586	4204	4206
918	3837	4589	4208	4210
919	3840	4594	4213	4215
920	3846	4599	4218	4219
921	3851	4605	4223	4224
922	3855	4610	4228	4228
923	3858	4618	4232	4233
924	3863	4622	4236	4237
925	3867	4626	4241	4242
926	3869	4629	4245	4246
927	3871	4635	4249	4251
928	3875	4639	4254	4255
929	3880	4645	4259	4260
930	3883	4648	4263	4264
931	3888	4650	4268	4269
932	3894	4653	4273	4273
933	3898	4661	4277	4278
934	3902	4666	4282	4282
935	3908	4671	4287	4287
936	3911	4675	4290	4291
937	3916	4678	4294	4295
938	3920	4681	4299	4300
939	3924	4685	4303	4304
940	3929	4692	4307	4309
941	3931	4695	4311	4313
942	3935	4702	4316	4317
943	3939	4707	4321	4322
944	3943	4712	4325	4326
945	3951	4718	4330	4331
946	3955	4722	4334	4335
947	3962	4727	4339	4339
948	3969	4730	4344	4344
949	3975	4737	4348	4348
950	3982	4744	4353	4353
951	3986	4748	4357	4357
952	3989	4751	4361	4362
953	3996	4757	4366	4366
954	4002	4764	4370	4371
955	4004	4768	4375	4375
956	4007	4773	4379	4380
957	4010	4778	4383	4384
958	4014	4781	4387	4388
959	4018	4786	4392	4393
960	4022	4790	4396	4397
961	4028	4795	4401	4402
962	4034	4800	4405	4406
963	4040	4806	4410	4411
964	4043	4813	4415	4415
965	4048	4816	4419	4419
966	4053	4819	4424	4424
967	4058	4823	4428	4428
968	4064	4828	4432	4432
969	4068	4830	4436	4437
970	4071	4835	4440	4441
971	4076	4838	4444	4446
972	4081	4842	4447	4450
973	4085	4847	4452	4454
974	4087	4853	4456	4459
975	4093	4856	4460	4463
976	4098	4861	4465	4468
977	4102	4865	4469	4472
978	4106	4870	4474	4476
979	4111	4875	4479	4481
980	4117	4879	4484	4485
981	4121	4882	4489	4490
982	4124	4888	4494	4494
983	4128	4891	4499	4499
984	4132	4897	4504	4503
985	4137	4901	4509	4508
986	4144	4903	4513	4512
987	4148	4908	4518	4516
988	4151	4910	4522	4521
989	4155	4915	4526	4525
990	4161	4920	4531	4530
991	4167	4923	4535	4534
992	4172	4928	4539	4539
993	4178	4933	4544	4543
994	4185	4936	4548	4547
995	4189	4940	4552	4552
996	4196	4946	4557	4556
997	4198	4952	4561	4561
998	4200	4957	4565	4565
999	4204	4961	4569	4569
1000	4210	4965	4573	4574
1001	4216	4969	4577	4578
1002	4221	4973	4582	4582
1003	4224	4980	4586	4587
1004	4228	4985	4591	4591
1005	4232	4989	4595	4596
1006	4237	4992	4599	4600
1007	4242	4999	4604	4604
1008	4248	5003	4608	4609
1009	4253	5009	4612	4613
1010	4257	5013	4616	4617
1011	4259	5017	4620	4622
1012	4264	5023	4623	4626
1013	4268	5028	4627	4631
1014	4272	5038	4631	4635
1015	4278	5041	4636	4640
1016	4284	5047	4641	4644
1017	4288	5051	4646	4649
1018	4294	5055	4651	4653
1019	4298	5061	4656	4658
1020	4302	5064	4661	4663
1021	4307	5068	4666	4667
1022	4309	5075	4669	4672
1023	4313	5078	4673	4677
1024	4316	5082	4678	4681
1025	4320	5086	4683	4686
1026	4324	5091	4687	4690
1027	4328	5094	4691	4694
1028	4334	5098	4696	4699
1029	4336	5100	4701	4703
1030	4342	5108	4706	4708
1031	4345	5116	4710	4712
1032	4348	5122	4715	4716
1033	4355	5124	4719	4721
1034	4362	5132	4723	4725
1035	4366	5134	4729	4730
1036	4371	5139	4734	4734
1037	4377	5142	4739	4739
1038	4380	5147	4744	4743
1039	4384	5151	4749	4748
1040	4387	5154	4754	4752
1041	4392	5158	4758	4757
1042	4395	5163	4762	4761
1043	4399	5167	4767	4766
1044	4403	5171	4771	4771
1045	4408	5175	4775	4775
1046	4412	5177	4780	4780
1047	4416	5182	4785	4785
1048	4420	5186	4791	4790
1049	4425	5190	4796	4795
1050	4429	5193	4800	4799
1051	4434	5197	4805	4804
1052	4438	5201	4810	4809
1053	4442	5205	4814	4814
1054	4447	5210	4819	4819
1055	4454	5215	4823	4823
1056	4461	5221	4828	4828
1057	4467	5227	4833	4833
1058	4474	5231	4837	4837
1059	4478	5236	4841	4842
1060	4482	5241	4847	4847
1061	4487	5246	4851	4851
1062	4492	5254	4855	4856
1063	4498	5258	4860	4861
1064	4502	5262	4865	4865
1065	4506	5266	4870	4870
1066	4512	5270	4874	4875
1067	4516	5274	4879	4879
1068	4521	5277	4883	4884
1069	4524	5281	4888	4889
1070	4529	5286	4893	4893
1071	4535	5290	4897	4898
1072	4539	5299	4901	4903
1073	4544	5303	4905	4907
1074	4548	5309	4909	4912
1075	4550	5314	4914	4917
1076	4558	5319	4919	4922
1077	4562	5323	4923	4926
1078	4565	5326	4928	4931
1079	4569	5332	4932	4936
1080	4573	5337	4936	4940
1081	4576	5341	4941	4945
1082	4580	5347	4945	4950
1083	4584	5353	4950	4955
1084	4588	5357	4954	4959
1085	4593	5361	4959	4964
1086	4597	5365	4965	4969
1087	4604	5369	4969	4974
1088	4609	5375	4973	4978
1089	4615	5377	4979	4983
1090	4621	5380	4983	4988
1091	4625	5384	4987	4993
1092	4628	5390	4992	4997
1093	4635	5393	4997	5002
1094	4640	5399	5001	5007
1095	4645	5401	5006	5012
1096	4651	5404	5010	5016
1097	4660	5408	5016	5021
1098	4665	5412	5020	5026
1099	4670	5416	5025	5031
1100	4673	5421	5031	5036
1101	4678	5427	5035	5041
1102	4683	5429	5040	5045
1103	4688	5432	5045	5050
1104	4691	5436	5050	5055
1105	4698	5441	5056	5060
1106	4707	5444	5060	5064
1107	4713	5447	5066	5069
1108	4719	5450	5070	5074
1109	4724	5457	5074	5078
1110	4730	5462	5079	5083
1111	4735	5467	5084	5088
1112	4739	5473	5088	5092
1113	4743	5478	5093	5097
1114	4748	5483	5098	5102
1115	4755	5490	5102	5106
1116	4759	5495	5108	5111
1117	4765	5502	5113	5116
1118	4770	5508	5118	5121
1119	4775	5515	5124	5126
1120	4781	5522	5129	5131
1121	4784	5530	5134	5136
1122	4787	5535	5139	5140
1123	4792	5539	5143	5145
1124	4798	5543	5147	5150
1125	4804	5547	5152	5155
1126	4809	5553	5156	5160
1127	4814	5559	5162	5165
1128	4819	5565	5166	5169
1129	4824	5567	5170	5174
1130	4829	5573	5175	5179
1131	4833	5578	5179	5184
1132	4840	5583	5184	5188
1133	4846	5588	5190	5193
1134	4849	5596	5194	5198
1135	4852	5601	5199	5203
1136	4857	5605	5205	5207
1137	4866	5607	5209	5212
1138	4870	5612	5213	5217
1139	4874	5617	5218	5222
1140	4878	5620	5223	5226
1141	4883	5622	5227	5231
1142	4889	5627	5232	5236
1143	4893	5630	5237	5240
1144	4899	5635	5242	5245
1145	4905	5640	5247	5250
1146	4908	5644	5252	5254
1147	4915	5649	5256	5259
1148	4920	5654	5262	5264
1149	4925	5658	5268	5268
1150	4931	5661	5272	5273
1151	4935	5668	5277	5277
1152	4940	5670	5281	5282
1153	4944	5673	5287	5287
1154	4949	5679	5292	5291
1155	4956	5685	5296	5296
1156	4962	5693	5300	5301
1157	4968	5698	5305	5306
1158	4973	5700	5310	5311
1159	4976	5702	5314	5316
1160	4981	5704	5319	5320
1161	4987	5707	5323	5325
1162	4992	5714	5328	5330
1163	4998	5720	5333	5335
1164	5001	5725	5338	5340
1165	5007	5728	5342	5344
1166	5014	5732	5347	5349
1167	5019	5738	5351	5354
1168	5023	5741	5356	5359
1169	5031	5747	5360	5363
1170	5035	5750	5365	5368
1171	5040	5754	5370	5373
1172	5044	5757	5374	5377
1173	5050	5762	5378	5382
1174	5053	5766	5383	5387
1175	5061	5771	5387	5391
1176	5067	5776	5392	5396
1177	5071	5781	5396	5401
1178	5077	5785	5401	5406
1179	5080	5789	5405	5410
1180	5089	5792	5409	5415
1181	5095	5796	5414	5420
1182	5099	5804	5420	5424
1183	5105	5808	5425	5429
1184	5112	5812	5428	5434
1185	5118	5816	5433	5439
1186	5124	5820	5440	5444
1187	5130	5824	5446	5450
1188	5136	5830	5452	5455
1189	5142	5835	5458	5461
1190	5147	5839	5464	5466
1191	5153	5844	5470	5471
1192	5159	5849	5476	5477
1193	5166	5856	5481	5482
1194	5170	5863	5485	5488
1195	5177	5867	5491	5494
1196	5183	5871	5498	5499
1197	5191	5874	5504	5505
1198	5199	5877	5510	5511
1199	5205	5881	5516	5517
1200	5209	5886	5521	5523
1201	5216	5892	5527	5529
1202	5220	5896	5533	5534
1203	5223	5903	5539	5540
1204	5227	5909	5545	5546
1205	5237	5914	5551	5552
1206	5245	5920	5558	5559
1207	5253	5927	5563	5565
1208	5260	5932	5570	5571
1209	5265	5937	5576	5578
1210	5272	5942	5582	5584
1211	5278	5949	5588	5590
1212	5284	5954	5594	5597
1213	5288	5959	5601	5603
1214	5292	5965	5606	5609
1215	5300	5971	5612	5616
1216	5308	5975	5619	5622
1217	5314	5979	5625	5628
1218	5321	5983	5630	5634
1219	5329	5986	5636	5641
1220	5334	5992	5642	5647
1221	5342	5998	5649	5653
1222	5347	6002	5655	5660
1223	5353	6009	5661	5666
1224	5357	6012	5668	5672
1225	5363	6016	5674	5678
1226	5370	6022	5680	5685
1227	5379	6027	5687	5691
1228	5386	6035	5694	5698
1229	5394	6042	5700	5704
1230	5399	6051	5707	5710
1231	5406	6058	5714	5717
1232	5414	6065	5720	5723
1233	5418	6070	5727	5730
1234	5423	6077	5734	5736
1235	5431	6083	5741	5742
1236	5437	6087	5747	5749
1237	5441	6092	5753	5755
1238	5446	6096	5760	5762
1239	5453	6104	5767	5768
1240	5459	6112	5773	5774
1241	5465	6117	5780	5781
1242	5472	6123	5787	5787
1243	5478	6129	5792	5794
1244	5483	6134	5799	5800
1245	5493	6138	5806	5807
1246	5503	6142	5812	5813
1247	5511	6147	5819	5819
1248	5517	6151	5825	5826
1249	5525	6157	5831	5832
1250	5534	6162	5837	5839
1251	5540	6169	5844	5845
1252	5548	6173	5850	5852
1253	5554	6181	5857	5858
1254	5560	6187	5864	5865
1255	5570	6191	5870	5871
1256	5578	6196	5876	5877
1257	5585	6205	5882	5884
1258	5591	6208	5888	5890
1259	5600	6213	5895	5896
1260	5605	6220	5901	5903
1261	5611	6226	5907	5909
1262	5616	6232	5913	5915
1263	5623	6238	5919	5922
1264	5629	6246	5925	5928
1265	5637	6249	5931	5935
1266	5645	6254	5937	5941
1267	5652	6257	5943	5947
1268	5663	6260	5950	5954
1269	5669	6269	5957	5960
1270	5674	6277	5964	5966
1271	5682	6285	5971	5973
1272	5689	6292	5977	5979
1273	5695	6298	5984	5985
1274	5702	6304	5991	5992
1275	5709	6310	5997	5998
1276	5715	6314	6003	6004
1277	5720	6316	6010	6011
1278	5726	6318	6016	6017
1279	5735	6324	6022	6023
1280	5743	6328	6028	6030
1281	5750	6334	6035	6036
1282	5757	6338	6041	6042
1283	5761	6345	6047	6048
1284	5768	6352	6053	6055
1285	5777	6357	6058	6061
1286	5788	6359	6065	6068
1287	5794	6364	6073	6074
1288	5803	6367	6080	6080
1289	5812	6370	6086	6087
1290	5820	6375	6092	6093
1291	5824	6380	6098	6099
1292	5829	6386	6104	6106
1293	5833	6395	6111	6112
1294	5839	6402	6117	6119
1295	5849	6406	6124	6125
1296	5859	6409	6131	6131
1297	5868	6413	6138	6138
1298	5875	6417	6145	6144
1299	5882	6420	6151	6150
1300	5890	6425	6158	6157
1301	5898	6431	6165	6163
1302	5905	6439	6172	6170
1303	5912	6444	6178	6176
1304	5919	6447	6185	6182
1305	5929	6451	6191	6189
1306	5936	6455	6197	6195
1307	5945	6458	6203	6201
1308	5952	6464	6209	6208
1309	5959	6469	6215	6214
1310	5967	6476	6222	6221
1311	5976	6481	6229	6227
1312	5981	6486	6237	6233
1313	5987	6489	6243	6240
1314	5994	6495	6251	6246
1315	6003	6498	6256	6252
1316	6013	6500	6262	6259
1317	6019	6507	6268	6265
1318	6026	6512	6274	6271
1319	6032	6520	6280	6278
1320	6038	6524	6287	6284
1321	6045	6532	6292	6291
1322	6053	6539	6298	6297
1323	6061	6545	6305	6303
1324	6068	6551	6312	6310
1325	6079	6555	6318	6316
1326	6089	6560	6324	6322
1327	6097	6565	6331	6329
1328	6106	6573	6336	6335
1329	6114	6578	6342	6342
1330	6120	6583	6350	6348
1331	6126	6589	6357	6355
1332	6136	6596	6363	6361
1333	6143	6604	6369	6368
1334	6149	6610	6375	6374
1335	6161	6613	6381	6381
1336	6171	6616	6388	6387
1337	6179	6620	6394	6394
1338	6186	6624	6400	6400
1339	6197	6628	6405	6407
1340	6206	6630	6411	6413
1341	6214	6636	6417	6420
1342	6220	6641	6424	6426
1343	6227	6646	6431	6433
1344	6235	6653	6438	6439
1345	6247	6656	6443	6446
1346	6255	6661	6449	6452
1347	6267	6664	6455	6459
1348	6278	6667	6462	6466
1349	6286	6674	6468	6472
1350	6292	6681	6475	6479
1351	6299	6686	6481	6485
1352	6308	6691	6488	6492
1353	6314	6696	6495	6498
1354	6321	6703	6501	6505
1355	6332	6709	6507	6511
1356	6340	6715	6513	6518
1357	6347	6720	6519	6524
1358	6354	6725	6526	6531
1359	6360	6732	6533	6537
1360	6367	6741	6540	6544
1361	6373	6747	6546	6550
1362	6377	6758	6554	6557
1363	6382	6763	6561	6563
1364	6389	6772	6568	6570
1365	6393	6776	6574	6577
1366	6402	6781	6581	6584
1367	6409	6786	6588	6591
1368	6416	6792	6595	6598
1369	6423	6799	6603	6605
1370	6430	6806	6609	6612
1371	6436	6817	6615	6619
1372	6441	6826	6622	6626
1373	6447	6836	6629	6633
1374	6452	6851	6635	6640
1375	6463	6858	6642	6647
1376	6471	6866	6650	6654
1377	6478	6872	6657	6661
1378	6485	6881	6664	6669
1379	6492	6890	6671	6676
1380	6496	6899	6678	6683
1381	6502	6909	6686	6690
1382	6507	6917	6693	6697
1383	6512	6930	6700	6704
1384	6517	6940	6706	6711
1385	6525	6946	6714	6718
1386	6533	6951	6721	6725
1387	6541	6955	6727	6732
1388	6548	6960	6735	6739
1389	6556	6967	6743	6746
1390	6562	6974	6750	6753
1391	6568	6979	6756	6760
1392	6572	6986	6764	6767
1393	6578	6996	6770	6774
1394	6582	7004	6777	6781
1395	6591	7009	6784	6788
1396	6599	7015	6792	6795
1397	6605	7020	6799	6802
1398	6611	7026	6807	6809
1399	6617	7034	6814	6817
1400	6623	7039	6822	6824
1401	6628	7047	6829	6831
1402	6632	7053	6836	6838
1403	6637	7063	6843	6845
1404	6642	7072	6850	6853
1405	6651	7077	6857	6859
1406	6658	7081	6864	6866
1407	6667	7087	6871	6873
1408	6674	7092	6878	6880
1409	6680	7099	6885	6887
1410	6687	7106	6893	6894
1411	6694	7114	6899	6901
1412	6700	7123	6905	6908
1413	6705	7133	6913	6915
1414	6709	7142	6920	6922
1415	6718	7148	6927	6929
1416	6727	7154	6934	6936
1417	6733	7160	6941	6943
1418	6741	7164	6948	6950
1419	6747	7170	6957	6957
1420	6752	7179	6964	6964
1421	6760	7189	6971	6972
1422	6766	7195	6978	6979
1423	6771	7203	6986	6986
1424	6775	7209	6993	6993
1425	6784	7213	6999	7000
1426	6793	7221	7007	7006
1427	6800	7226	7013	7013
1428	6809	7231	7020	7020
1429	6816	7239	7027	7027
1430	6823	7246	7034	7034
1431	6831	7253	7040	7041
1432	6836	7259	7047	7047
1433	6841	7268	7053	7054
1434	6845	7275	7061	7061
1435	6852	7279	7068	7068
1436	6860	7283	7075	7075
1437	6865	7288	7082	7083
1438	6872	7294	7089	7090
1439	6879	7299	7095	7097
1440	6883	7305	7104	7104
1441	6889	7310	7112	7111
1442	6897	7316	7120	7118
1443	6902	7324	7127	7125
1444	6909	7330	7135	7133
1445	6918	7336	7141	7139
1446	6928	7340	7147	7146
1447	6936	7346	7155	7153
1448	6943	7351	7161	7160
1449	6949	7357	7169	7167
1450	6956	7362	7174	7173
1451	6963	7369	7182	7180
1452	6969	7377	7188	7187
1453	6975	7383	7196	7194
1454	6981	7389	7202	7201
1455	6992	7393	7211	7207
1456	7003	7399	7217	7214
1457	7013	7403	7225	7221
1458	7019	7408	7232	7228
1459	7025	7413	7239	7235
1460	7031	7418	7246	7242
1461	7036	7423	7255	7249
1462	7042	7427	7263	7256
1463	7046	7433	7270	7263
1464	7052	7441	7278	7270
1465	7061	7445	7284	7277
1466	7071	7449	7290	7284
1467	7079	7452	7297	7291
1468	7089	7458	7304	7297
1469	7097	7464	7311	7304
1470	7104	7470	7319	7311
1471	7109	7475	7325	7318
1472	7115	7484	7332	7325
1473	7121	7491	7339	7332
1474	7128	7500	7345	7338
1475	7134	7503	7349	7343
1476	7142	7505	7355	7347
1477	7148	7508	7359	7352
1478	7155	7512	7363	7357
1479	7161	7515	7368	7361
1480	7167	7519	7372	7366
1481	7172	7524	7377	7370
1482	7176	7528	7382	7375
1483	7182	7533	7385	7379
1484	7187	7538	7390	7384
1485	7194	7541	7395	7388
1486	7199	7544	7400	7393
1487	7206	7547	7405	7398
1488	7210	7550	7409	7402
1489	7215	7553	7414	7407
1490	7223	7557	7418	7411
1491	7229	7560	7423	7416
1492	7235	7564	7428	7420
1493	7240	7569	7432	7425
1494	7244	7573	7437	7429
1495	7250	7576	7442	7434
1496	7255	7580	7446	7438
1497	7262	7583	7450	7443
1498	7267	7587	7455	7448
1499	7274	7592	7460	7452
1500	7279	7597	7464	7457
1501	7283	7600	7469	7462
1502	7290	7604	7473	7466
1503	7294	7607	7478	7471
1504	7299	7613	7482	7476
1505	7305	7616	7487	7480
1506	7313	7620	7492	7485
1507	7320	7624	7496	7489
1508	7326	7628	7501	7494
1509	7330	7632	7505	7499
1510	7337	7636	7510	7503
1511	7344	7640	7515	7508
1512	7349	7644	7519	7512
1513	7354	7648	7524	7517
1514	7358	7653	7528	7521
1515	7365	7655	7533	7526
1516	7373	7658	7538	7530
1517	7379	7662	7542	7535
1518	7384	7665	7547	7539
1519	7390	7668	7551	7544
1520	7396	7672	7556	7548
1521	7403	7675	7560	7553
1522	7409	7679	7564	7557
1523	7412	7684	7569	7562
1524	7415	7689	7574	7566
1525	7422	7692	7577	7570
1526	7427	7696	7580	7573
1527	7431	7699	7583	7576
1528	7435	7702	7587	7580
1529	7440	7705	7590	7583
1530	7443	7709	7593	7587
1531	7447	7714	7596	7590
1532	7450	7718	7599	7594
1533	7454	7724	7602	7597
1534	7457	7728	7605	7601
1535	7461	7732	7608	7604
1536	7466	7734	7612	7607
1537	7470	7737	7615	7611
1538	7474	7742	7618	7614
1539	7478	7746	7622	7618
1540	7481	7750	7625	7621
1541	7485	7754	7628	7625
1542	7487	7758	7631	7628
1543	7490	7761	7635	7631
1544	7493	7767	7638	7635
1545	7498	7771	7641	7638
1546	7502	7774	7644	7642
1547	7508	7776	7647	7645
1548	7512	7779	7651	7649
1549	7516	7783	7654	7652
1550	7520	7786	7658	7656
1551	7524	7789	7661	7659
1552	7528	7792	7664	7663
1553	7531	7797	7668	7666
1554	7535	7802	7671	7670
1555	7541	7804	7674	7673
1556	7545	7807	7678	7676
1557	7549	7811	7681	7680
1558	7554	7813	7684	7683
1559	7557	7816	7687	7687
1560	7561	7821	7690	7690
1561	7564	7824	7693	7694
1562	7567	7828	7697	7697
1563	7570	7831	7700	7701
1564	7573	7836	7704	7704
1565	7579	7838	7708	7708
1566	7585	7842	7711	7711
1567	7591	7845	7714	7715
1568	7596	7850	7718	7718
1569	7601	7852	7721	7722
1570	7606	7857	7725	7725
1571	7609	7863	7728	7729
1572	7610	7867	7732	7733
1573	7615	7872	7735	7736
1574	7619	7876	7738	7740
1575	7623	7881	7742	7743
1576	7626	7885	7746	7747
1577	7629	7890	7750	7751
1578	7633	7895	7754	7754
1579	7637	7899	7757	7758
1580	7640	7903	7761	7762
1581	7642	7908	7765	7765
1582	7645	7914	7768	7769
1583	7647	7919	7771	7773
1584	7652	7924	7775	7776
1585	7656	7930	7778	7780
1586	7660	7934	7782	7784
1587	7665	7939	7785	7787
1588	7668	7942	7788	7791
1589	7672	7947	7792	7795
1590	7675	7952	7796	7798
1591	7677	7956	7799	7802
1592	7680	7960	7803	7806
1593	7682	7965	7807	7809
1594	7685	7971	7810	7813
1595	7690	7974	7813	7817
1596	7693	7977	7817	7820
1597	7697	7982	7821	7824
1598	7702	7987	7824	7827
1599	7705	7991	7828	7831
1600	7708	7995	7831	7834
1601	7710	8002	7835	7838
1602	7713	8008	7838	7841
1603	7715	8013	7842	7845
1604	7717	8018	7846	7849
1605	7721	8022	7849	7852
1606	7724	8026	7853	7856
1607	7729	8030	7856	7860
1608	7733	8034	7860	7863
1609	7736	8040	7863	7867
1610	7740	8043	7867	7871
1611	7744	8049	7871	7874
1612	7747	8053	7875	7878
1613	7750	8057	7878	7882
1614	7752	8064	7881	7885
1615	7758	8068	7885	7890
1616	7763	8073	7889	7894
1617	7767	8078	7892	7898
1618	7771	8083	7896	7902
1619	7774	8089	7900	7906
1620	7777	8095	7904	7910
