depth	min	max	median	mean
74	562	864	737	733
79	585	878	756	752
84	606	897	774	770
89	632	913	792	788
94	649	932	810	805
99	673	946	828	823
104	693	964	845	841
109	718	979	862	858
114	738	995	879	876
119	762	1008	896	893
124	781	1025	913	910
129	809	1037	930	928
134	829	1053	947	946
139	856	1065	964	963
144	875	1082	980	980
149	893	1095	996	996
154	910	1112	1013	1012
159	933	1125	1029	1029
164	949	1143	1045	1045
169	970	1155	1061	1062
174	985	1176	1079	1080
179	1006	1191	1096	1097
184	1021	1213	1114	1115
189	1040	1233	1132	1133
194	1052	1257	1150	1151
199	1068	1277	1167	1169
204	1078	1306	1184	1186
209	1093	1325	1201	1204
214	1104	1352	1218	1221
219	1119	1373	1236	1239
224	1131	1395	1254	1256
229	1146	1417	1271	1274
234	1159	1444	1288	1291
239	1174	1462	1306	1309
244	1187	1489	1323	1326
249	1202	1508	1340	1344
254	1214	1532	1356	1361
259	1230	1550	1374	1378
264	1242	1574	1390	1395
269	1257	1594	1407	1413
274	1270	1620	1424	1430
279	1284	1638	1441	1447
284	1298	1659	1458	1465
289	1310	1681	1475	1482
294	1323	1704	1492	1500
299	1339	1724	1510	1517
304	1352	1750	1528	1535
309	1367	1768	1546	1552
314	1380	1786	1563	1569
319	1396	1808	1581	1587
324	1409	1828	1598	1604
329	1425	1846	1615	1622
334	1439	1869	1632	1639
339	1457	1889	1650	1657
344	1473	1909	1667	1674
349	1488	1930	1685	1692
354	1501	1949	1702	1709
359	1517	1970	1719	1726
364	1531	1991	1737	1743
369	1547	2012	1754	1761
374	1560	2035	1772	1778
379	1580	2059	1792	1797
384	1593	2081	1810	1817
389	1617	2103	1832	1838
394	1635	2130	1853	1860
399	1654	2151	1876	1882
404	1669	2180	1898	1904
409	1689	2203	1920	1926
414	1707	2228	1943	1948
419	1728	2250	1965	1971
424	1747	2274	1988	1994
429	1769	2299	2009	2016
434	1785	2326	2031	2038
439	1805	2349	2055	2060
444	1822	2377	2077	2082
449	1840	2401	2098	2104
454	1857	2424	2120	2126
459	1879	2449	2144	2148
464	1898	2478	2165	2171
469	1922	2502	2187	2193
474	1938	2526	2209	2215
479	1958	2547	2233	2237
484	1974	2574	2254	2259
489	1997	2597	2276	2282
494	2019	2623	2298	2304
499	2042	2644	2320	2326
504	2061	2676	2342	2349
509	2083	2696	2365	2371
514	2100	2721	2388	2394
519	2122	2740	2410	2416
524	2141	2764	2433	2438
529	2163	2787	2454	2460
534	2181	2810	2476	2482
539	2205	2834	2499	2505
544	2225	2855	2521	2527
549	2251	2881	2544	2549
554	2270	2910	2566	2572
559	2291	2934	2588	2594
564	2309	2958	2611	2616
569	2331	2980	2634	2639
574	2350	3004	2657	2661
579	2373	3027	2680	2684
584	2393	3052	2702	2706
589	2415	3074	2725	2729
594	2434	3100	2748	2751
599	2456	3123	2770	2773
604	2475	3147	2792	2795
609	2496	3167	2814	2818
614	2516	3194	2837	2840
619	2543	3215	2858	2863
624	2563	3238	2882	2885
629	2586	3262	2903	2907
634	2607	3288	2925	2929
639	2629	3308	2948	2952
644	2649	3331	2970	2974
649	2669	3352	2993	2996
654	2686	3375	3016	3019
659	2710	3398	3038	3041
664	2728	3422	3059	3063
669	2750	3444	3081	3086
674	2773	3470	3103	3108
679	2795	3493	3125	3131
684	2815	3522	3149	3153
689	2838	3545	3172	3176
694	2855	3569	3195	3199
699	2878	3590	3217	3221
704	2894	3616	3238	3243
709	2918	3638	3261	3266
714	2944	3660	3282	3288
719	2966	3675	3305	3311
724	2985	3701	3327	3333
729	3008	3724	3350	3355
734	3027	3752	3373	3378
739	3052	3774	3394	3400
744	3075	3801	3418	3423
749	3098	3819	3441	3445
754	3117	3847	3464	3467
759	3138	3871	3485	3490
764	3157	3900	3508	3512
769	3180	3926	3530	3534
774	3202	3951	3552	3557
779	3223	3972	3574	3579
784	3244	3989	3597	3601
789	3267	4013	3619	3624
794	3287	4038	3642	3647
799	3311	4059	3664	3670
804	3332	4084	3687	3692
809	3353	4107	3709	3715
814	3374	4131	3732	3737
819	3397	4153	3753	3759
824	3416	4174	3775	3781
829	3440	4196	3797	3803
834	3460	4220	3820	3825
839	3484	4244	3843	3848
844	3502	4269	3866	3870
849	3526	4291	3889	3893
854	3546	4313	3912	3915
859	3570	4338	3933	3937
864	3590	4363	3954	3960
869	3613	4384	3978	3982
874	3632	4404	4001	4005
879	3655	4428	4022	4028
884	3675	4454	4046	4050
889	3700	4474	4069	4072
894	3723	4495	4092	4095
899	3742	4516	4114	4117
904	3762	4544	4136	4140
909	3788	4563	4159	4162
914	3813	4589	4180	4184
919	3834	4609	4203	4208
924	3859	4636	4227	4231
929	3879	4657	4250	4254
934	3901	4684	4271	4276
939	3922	4707	4294	4299
944	3943	4734	4316	4321
949	3965	4754	4339	4344
954	3986	4775	4362	4366
959	4010	4795	4384	4388
964	4036	4822	4406	4411
969	4059	4845	4429	4433
974	4083	4870	4451	4455
979	4103	4893	4475	4477
984	4125	4918	4496	4499
989	4149	4938	4518	4522
994	4169	4958	4540	4544
999	4193	4978	4561	4566
1004	4209	5004	4585	4588
1009	4231	5028	4606	4612
1014	4256	5054	4630	4635
1019	4278	5076	4652	4657
1024	4297	5097	4674	4679
1029	4322	5122	4697	4701
1034	4343	5144	4720	4723
1039	4368	5165	4744	4745
1044	4391	5187	4767	4768
1049	4416	5209	4790	4792
1054	4439	5227	4811	4816
1059	4469	5247	4834	4839
1064	4495	5271	4858	4863
1069	4521	5293	4881	4887
1074	4548	5317	4905	4911
1079	4573	5336	4928	4935
1084	4597	5360	4952	4958
1089	4621	5381	4976	4982
1094	4645	5406	5000	5006
1099	4669	5429	5024	5029
1104	4690	5453	5048	5053
1109	4717	5474	5070	5077
1114	4740	5497	5094	5100
1119	4769	5519	5117	5124
1124	4794	5546	5142	5148
1129	4821	5566	5166	5171
1134	4845	5589	5191	5195
1139	4872	5610	5214	5219
1144	4898	5634	5238	5243
1149	4922	5658	5262	5267
1154	4947	5683	5287	5290
1159	4976	5706	5311	5314
1164	4999	5731	5335	5338
1169	5029	5751	5358	5361
1174	5055	5780	5382	5385
1179	5085	5799	5403	5409
1184	5110	5825	5427	5433
1189	5138	5845	5455	5459
1194	5160	5866	5483	5485
1199	5193	5890	5514	5514
1204	5216	5920	5541	5543
1209	5255	5941	5575	5574
1214	5282	5967	5605	5606
1219	5313	5992	5637	5637
1224	5340	6025	5666	5669
1229	5378	6048	5700	5700
1234	5408	6077	5730	5731
1239	5441	6101	5763	5763
1244	5470	6127	5795	5796
1249	5508	6153	5828	5828
1254	5541	6184	5862	5861
1259	5579	6210	5894	5892
1264	5611	6239	5924	5924
1269	5651	6261	5954	5956
1274	5681	6290	5987	5988
1279	5723	6316	6018	6019
1284	5752	6343	6051	6051
1289	5794	6365	6083	6083
1294	5825	6390	6117	6115
1299	5866	6413	6149	6147
1304	5902	6441	6181	6179
1309	5944	6467	6212	6210
1314	5981	6496	6244	6242
1319	6024	6521	6275	6273
1324	6058	6550	6307	6305
1329	6100	6572	6337	6337
1334	6135	6599	6370	6370
1339	6182	6622	6401	6402
1344	6218	6651	6433	6433
1349	6264	6673	6464	6465
1354	6297	6702	6496	6496
1359	6337	6733	6528	6530
1364	6368	6766	6562	6563
1369	6407	6799	6597	6598
1374	6433	6843	6632	6633
1379	6474	6875	6666	6667
1384	6499	6918	6700	6702
1389	6536	6949	6736	6737
1394	6563	6994	6770	6772
1399	6598	7025	6806	6806
1404	6626	7067	6841	6841
1409	6661	7096	6876	6876
1414	6691	7134	6912	6912
1419	6730	7163	6947	6947
1424	6760	7202	6984	6983
1429	6798	7225	7021	7018
1434	6826	7261	7056	7054
1439	6868	7289	7092	7089
1444	6899	7327	7129	7125
1449	6940	7352	7163	7159
1454	6973	7387	7198	7194
1459	7019	7410	7234	7230
1464	7049	7442	7271	7265
1469	7096	7464	7304	7299
1474	7128	7498	7338	7333
1479	7156	7515	7362	7356
1484	7183	7541	7386	7380
1489	7213	7557	7409	7404
1494	7237	7578	7433	7427
1499	7267	7596	7456	7450
1504	7294	7620	7479	7473
1509	7327	7638	7502	7496
1514	7352	7660	7524	7519
1519	7383	7675	7548	7542
1524	7408	7697	7570	7564
1529	7433	7713	7588	7583
1534	7452	7732	7605	7601
1539	7476	7749	7621	7619
1544	7497	7771	7638	7636
1549	7519	7785	7654	7654
1554	7537	7805	7671	7671
1559	7560	7822	7688	7688
1564	7578	7843	7705	7706
1569	7600	7861	7722	7724
1574	7617	7885	7739	7742
1579	7635	7902	7757	7760
1584	7649	7930	7775	7778
1589	7669	7951	7793	7797
1594	7684	7975	7811	7815
1599	7703	7997	7829	7833
1604	7720	8024	7847	7851
1609	7740	8045	7865	7870
1614	7755	8071	7883	7888
1619	7775	8094	7902	7908
