depth	min	max	median	mean
414	-72	55	-45	-35
415	-70	58	-42	-32
416	-69	59	-40	-29
417	-68	62	-36	-27
418	-67	65	-33	-24
419	-66	67	-30	-22
420	-65	70	-27	-19
421	-64	73	-24	-16
422	-64	76	-21	-14
423	-63	80	-18	-11
424	-62	82	-15	-9
425	-61	85	-13	-6
426	-61	90	-10	-4
427	-60	95	-7	-1
428	-60	100	-5	2
429	-59	104	-2	4
430	-59	110	0	7
431	-58	115	3	9
432	-57	120	5	12
433	-57	124	7	15
434	-56	131	10	17
435	-53	133	13	20
436	-50	136	15	23
437	-48	140	18	25
438	-46	142	21	28
439	-44	145	24	31
440	-42	148	27	33
441	-40	150	30	36
442	-38	154	33	39
443	-38	157	35	41
444	-36	160	38	44
445	-34	165	41	47
446	-33	170	44	49
447	-33	175	47	52
448	-32	179	50	55
449	-30	183	52	57
450	-29	187	55	60
451	-29	193	57	63
452	-28	199	60	65
453	-27	203	62	68
454	-26	209	65	71
455	-23	211	67	74
456	-20	213	70	76
457	-18	215	73	79
458	-16	217	76	81
459	-14	220	78	84
460	-12	223	81	87
461	-10	225	85	89
462	-8	227	88	92
463	-6	230	90	95
464	-4	233	93	97
465	-3	235	96	100
466	-2	239	100	103
467	-1	241	102	105
468	0	245	105	108
469	1	249	108	111
470	3	253	111	113
471	4	257	113	116
472	4	263	116	119
473	6	266	118	121
474	7	271	121	124
475	11	273	124	127
476	14	277	126	129
477	17	279	129	132
478	21	281	132	135
479	23	283	135	138
480	25	284	138	140
481	28	286	140	143
482	30	289	143	146
483	33	292	146	149
484	34	295	148	151
485	37	299	151	154
486	38	302	154	157
487	40	305	156	160
488	41	308	159	162
489	42	311	162	165
490	43	315	165	168
491	44	318	167	171
492	45	323	170	173
493	48	327	173	176
494	50	332	175	179
495	53	335	178	182
496	58	336	180	184
497	63	338	183	187
498	67	340	185	190
499	70	343	187	192
500	74	346	190	195
501	78	347	192	198
502	80	348	195	200
503	82	352	198	203
504	84	354	200	206
505	87	358	203	209
506	89	361	205	211
507	92	364	208	214
508	95	366	211	217
509	98	369	214	219
510	99	373	216	222
511	101	376	218	225
512	103	380	220	227
513	105	384	223	230
514	108	388	226	233
515	113	392	228	236
516	118	394	232	240
517	122	397	235	243
518	128	399	239	247
519	132	402	242	250
520	136	404	245	254
521	140	407	249	257
522	143	412	252	261
523	146	416	256	264
524	149	418	259	268
525	153	420	263	271
526	155	424	267	275
527	159	428	271	278
528	161	430	275	282
529	164	435	278	285
530	165	439	281	289
531	168	443	285	292
532	170	449	289	296
533	172	454	292	299
534	175	458	295	303
535	182	464	301	308
536	190	469	306	314
537	198	473	312	319
538	205	476	318	325
539	212	481	323	330
540	219	487	330	335
541	226	490	336	341
542	232	494	342	346
543	237	500	348	352
544	241	504	354	357
545	246	508	359	363
546	249	515	365	368
547	253	521	370	373
548	256	532	376	379
549	259	542	381	384
550	261	551	387	390
551	264	560	392	395
552	266	569	397	400
553	269	579	402	406
554	270	591	407	411
555	279	602	416	421
556	286	615	426	431
557	291	629	436	441
558	296	645	445	451
559	301	664	454	461
560	307	682	463	471
561	310	708	472	481
562	314	733	480	491
563	317	757	488	500
564	321	786	497	510
565	325	808	505	520
566	328	835	513	530
567	330	859	522	540
568	333	884	529	550
569	336	909	538	560
570	340	939	544	570
571	342	971	552	580
572	345	1001	560	590
573	346	1030	568	599
574	349	1054	575	609
575	357	1069	587	619
576	366	1077	598	629
577	371	1092	607	639
578	378	1112	616	650
579	382	1117	628	660
580	387	1130	639	670
581	392	1144	648	680
582	397	1155	658	690
583	402	1177	668	700
584	406	1195	678	710
585	411	1216	688	720
586	416	1240	698	730
587	419	1258	707	740
588	422	1285	717	750
589	424	1313	727	760
590	428	1332	735	770
591	432	1348	744	780
592	434	1371	752	790
593	438	1397	762	800
594	441	1420	771	810
595	450	1431	780	821
596	458	1449	791	831
597	465	1458	801	841
598	471	1475	810	851
599	476	1496	822	861
600	482	1513	834	871
601	487	1523	843	882
602	493	1541	853	892
603	500	1564	862	902
604	505	1575	872	912
605	510	1588	882	922
606	515	1607	892	932
607	519	1616	903	943
608	522	1644	911	953
609	525	1662	921	963
610	529	1686	930	973
611	532	1702	938	983
612	535	1725	948	993
613	539	1745	957	1004
614	543	1763	966	1014
615	552	1769	976	1024
616	558	1781	986	1034
617	565	1789	996	1044
618	571	1798	1005	1054
619	579	1812	1014	1064
620	586	1825	1025	1074
621	590	1835	1034	1085
622	595	1848	1044	1095
623	600	1866	1054	1105
624	608	1886	1066	1115
625	613	1906	1076	1125
626	617	1929	1086	1135
627	622	1944	1096	1145
628	627	1959	1105	1155
629	634	1966	1113	1166
630	635	1984	1125	1176
631	637	1999	1135	1186
632	642	2019	1145	1196
633	646	2032	1154	1206
634	650	2047	1164	1216
635	660	2057	1175	1226
636	672	2071	1185	1237
637	678	2087	1197	1247
638	685	2101	1208	1257
639	692	2120	1220	1267
640	700	2129	1232	1277
641	709	2146	1241	1288
642	718	2162	1250	1298
643	724	2172	1260	1308
644	732	2191	1270	1318
645	737	2216	1281	1328
646	742	2232	1291	1338
647	745	2243	1302	1349
648	750	2264	1311	1359
649	755	2287	1323	1369
650	759	2300	1332	1379
651	763	2319	1344	1389
652	766	2334	1355	1399
653	769	2351	1366	1410
654	771	2367	1374	1420
655	782	2381	1383	1430
656	791	2391	1394	1441
657	796	2400	1404	1451
658	805	2418	1416	1461
659	811	2430	1426	1471
660	819	2440	1434	1482
661	825	2451	1444	1492
662	830	2461	1455	1502
663	836	2466	1466	1513
664	842	2474	1478	1523
665	850	2500	1489	1533
666	856	2517	1500	1544
667	859	2525	1514	1554
668	863	2534	1524	1564
669	869	2553	1534	1575
670	874	2565	1545	1585
671	880	2577	1554	1595
672	886	2592	1564	1606
673	891	2605	1573	1616
674	894	2619	1585	1626
675	899	2636	1595	1636
676	905	2646	1606	1646
677	916	2655	1615	1656
678	925	2665	1623	1665
679	934	2682	1632	1675
680	940	2700	1640	1685
681	944	2714	1649	1695
682	949	2730	1658	1704
683	955	2738	1669	1714
684	963	2757	1677	1724
685	972	2774	1687	1734
686	975	2792	1699	1743
687	977	2804	1708	1753
688	981	2817	1718	1763
689	990	2831	1727	1773
690	997	2845	1738	1783
691	998	2862	1747	1792
692	1003	2878	1755	1802
693	1006	2900	1765	1812
694	1015	2907	1773	1822
695	1022	2917	1786	1832
696	1030	2921	1797	1842
697	1038	2927	1806	1852
698	1047	2953	1816	1862
699	1056	2971	1825	1872
700	1063	2980	1836	1882
701	1069	2999	1847	1892
702	1081	3009	1858	1903
703	1088	3026	1867	1913
704	1094	3036	1878	1923
705	1099	3045	1887	1933
706	1103	3057	1897	1943
707	1109	3073	1907	1953
708	1114	3095	1917	1963
709	1121	3121	1927	1974
710	1123	3132	1938	1984
711	1130	3141	1949	1994
712	1137	3153	1958	2004
713	1141	3176	1968	2014
714	1146	3191	1977	2024
715	1155	3199	1988	2034
716	1162	3208	2001	2044
717	1168	3223	2009	2053
718	1176	3231	2019	2063
719	1181	3241	2032	2073
720	1184	3245	2043	2083
721	1189	3258	2052	2093
722	1195	3268	2060	2102
723	1200	3284	2069	2112
724	1205	3300	2077	2122
725	1212	3312	2089	2132
726	1217	3327	2099	2141
727	1226	3350	2107	2151
728	1233	3354	2118	2161
729	1239	3364	2128	2171
730	1245	3376	2138	2180
731	1249	3393	2149	2190
732	1254	3414	2159	2200
733	1260	3430	2167	2210
734	1263	3438	2178	2219
735	1275	3456	2189	2230
736	1282	3463	2196	2240
737	1291	3468	2206	2250
738	1301	3475	2218	2260
739	1310	3481	2229	2270
740	1319	3493	2238	2280
741	1321	3517	2251	2290
742	1333	3532	2262	2300
743	1337	3544	2273	2310
744	1342	3554	2284	2321
745	1348	3569	2292	2331
746	1355	3579	2301	2341
747	1364	3589	2312	2351
748	1369	3597	2324	2361
749	1373	3616	2335	2371
750	1377	3635	2343	2381
751	1383	3654	2352	2391
752	1387	3675	2363	2402
753	1392	3690	2371	2412
754	1398	3707	2380	2422
755	1408	3719	2390	2432
756	1416	3725	2400	2442
757	1421	3735	2410	2452
758	1429	3753	2422	2463
759	1440	3768	2433	2473
760	1448	3792	2443	2483
761	1456	3804	2453	2493
762	1458	3810	2466	2504
763	1467	3825	2477	2514
764	1477	3843	2486	2524
765	1482	3862	2497	2534
766	1488	3878	2506	2544
767	1493	3895	2516	2555
768	1498	3907	2525	2565
769	1506	3921	2534	2575
770	1511	3930	2543	2585
771	1520	3939	2553	2595
772	1522	3949	2565	2606
773	1527	3961	2574	2616
774	1535	3984	2585	2626
775	1541	4002	2595	2636
776	1549	4014	2604	2646
777	1557	4026	2614	2656
778	1564	4028	2623	2667
779	1568	4035	2634	2677
780	1573	4054	2644	2687
781	1579	4062	2654	2697
782	1587	4070	2663	2707
783	1596	4092	2674	2717
784	1606	4102	2685	2727
785	1611	4119	2697	2737
786	1615	4125	2706	2748
787	1619	4147	2717	2758
788	1627	4155	2729	2768
789	1632	4161	2739	2778
790	1637	4165	2750	2788
791	1642	4184	2759	2798
792	1646	4207	2768	2808
793	1650	4233	2779	2818
794	1656	4246	2788	2829
795	1666	4259	2800	2839
796	1678	4271	2812	2849
797	1686	4282	2824	2859
798	1695	4299	2832	2869
799	1708	4312	2843	2879
800	1711	4324	2857	2889
801	1719	4339	2869	2899
802	1725	4355	2879	2909
803	1738	4372	2892	2919
804	1748	4380	2903	2929
805	1753	4387	2912	2939
806	1759	4401	2922	2949
807	1764	4413	2933	2959
808	1774	4424	2940	2969
809	1780	4445	2948	2979
810	1785	4470	2960	2990
811	1791	4489	2969	3000
812	1796	4506	2980	3010
813	1802	4514	2989	3020
814	1807	4535	2999	3030
815	1814	4542	3010	3040
816	1831	4548	3022	3050
817	1836	4554	3032	3060
818	1843	4568	3042	3070
819	1848	4575	3053	3080
820	1857	4583	3062	3091
821	1865	4590	3073	3101
822	1870	4598	3086	3111
823	1876	4606	3096	3121
824	1879	4613	3105	3131
825	1883	4618	3113	3141
826	1893	4625	3123	3151
827	1901	4643	3130	3161
828	1906	4650	3142	3171
829	1909	4657	3153	3182
830	1912	4665	3163	3192
831	1922	4682	3176	3202
832	1928	4704	3184	3212
833	1939	4717	3193	3222
834	1941	4721	3202	3232
835	1952	4731	3212	3242
836	1963	4740	3226	3252
837	1974	4757	3239	3262
838	1985	4775	3252	3272
839	1993	4783	3262	3282
840	2003	4797	3269	3292
841	2009	4811	3278	3302
842	2022	4818	3291	3312
843	2030	4826	3300	3322
844	2037	4831	3309	3332
845	2046	4833	3319	3342
846	2060	4843	3329	3351
847	2074	4856	3338	3361
848	2080	4874	3346	3371
849	2089	4887	3356	3381
850	2094	4894	3364	3391
851	2098	4912	3373	3401
852	2106	4923	3384	3411
853	2111	4944	3398	3421
854	2124	4960	3413	3431
855	2130	4965	3423	3441
856	2135	4976	3433	3451
857	2142	4984	3442	3461
858	2147	4993	3450	3471
859	2152	5006	3462	3481
860	2156	5013	3473	3491
861	2165	5026	3485	3501
862	2169	5032	3495	3511
863	2173	5040	3505	3520
864	2177	5043	3516	3530
865	2185	5046	3528	3540
866	2190	5062	3539	3550
867	2194	5066	3548	3560
868	2199	5073	3556	3570
869	2203	5079	3565	3580
870	2208	5107	3571	3590
871	2213	5123	3579	3600
872	2217	5133	3590	3610
873	2223	5152	3602	3620
874	2227	5169	3614	3630
875	2237	5178	3624	3640
876	2244	5184	3635	3650
877	2251	5195	3646	3660
878	2260	5213	3658	3671
879	2269	5233	3669	3681
880	2278	5247	3679	3691
881	2288	5254	3691	3701
882	2297	5272	3701	3711
883	2306	5280	3711	3722
884	2315	5296	3718	3732
885	2317	5313	3727	3742
886	2325	5332	3737	3752
887	2329	5339	3749	3762
888	2337	5360	3759	3773
889	2348	5384	3768	3783
890	2354	5402	3776	3793
891	2361	5403	3787	3803
892	2370	5421	3796	3813
893	2378	5439	3810	3824
894	2386	5455	3819	3834
895	2394	5465	3828	3844
896	2403	5474	3838	3854
897	2408	5487	3848	3864
898	2416	5498	3860	3875
899	2420	5506	3872	3885
900	2423	5517	3880	3895
901	2431	5524	3888	3905
902	2440	5530	3900	3915
903	2451	5544	3912	3926
904	2462	5560	3920	3936
905	2465	5573	3931	3946
906	2470	5595	3944	3956
907	2476	5618	3956	3966
908	2482	5641	3964	3977
909	2490	5662	3973	3987
910	2499	5673	3986	3997
911	2508	5697	3996	4007
912	2516	5721	4003	4017
913	2530	5741	4015	4028
914	2535	5760	4027	4038
915	2540	5763	4038	4048
916	2547	5766	4046	4058
917	2554	5769	4057	4068
918	2557	5781	4070	4078
919	2561	5785	4081	4088
920	2573	5797	4092	4098
921	2578	5806	4103	4108
922	2585	5831	4113	4118
923	2589	5837	4124	4128
924	2600	5845	4134	4138
925	2610	5852	4142	4148
926	2613	5860	4152	4158
927	2616	5886	4160	4168
928	2625	5891	4172	4178
929	2629	5900	4181	4188
930	2637	5910	4191	4198
931	2645	5920	4200	4208
932	2651	5934	4209	4218
933	2658	5939	4221	4228
934	2663	5960	4230	4238
935	2669	5974	4241	4248
936	2680	5985	4251	4258
937	2691	5999	4261	4268
938	2697	6009	4271	4278
939	2706	6019	4279	4288
940	2713	6040	4292	4298
941	2720	6054	4302	4308
942	2724	6058	4311	4319
943	2730	6070	4320	4329
944	2735	6074	4331	4339
945	2738	6086	4342	4349
946	2739	6097	4352	4359
947	2754	6105	4364	4369
948	2758	6121	4374	4379
949	2764	6129	4385	4389
950	2777	6138	4396	4399
951	2783	6148	4406	4409
952	2791	6153	4416	4419
953	2795	6171	4425	4430
954	2803	6185	4435	4440
955	2810	6205	4449	4450
956	2813	6220	4461	4460
957	2820	6236	4475	4470
958	2825	6252	4488	4480
959	2833	6259	4496	4490
960	2841	6269	4505	4500
961	2847	6292	4518	4510
962	2853	6311	4531	4520
963	2861	6314	4540	4530
964	2869	6332	4550	4540
965	2873	6354	4559	4551
966	2882	6368	4568	4561
967	2893	6378	4578	4571
968	2902	6394	4587	4581
969	2907	6411	4599	4591
970	2909	6425	4611	4601
971	2913	6436	4621	4611
972	2919	6445	4629	4621
973	2926	6459	4640	4631
974	2935	6468	4648	4641
975	2940	6474	4656	4651
976	2947	6489	4666	4661
977	2956	6505	4680	4671
978	2966	6521	4689	4681
979	2972	6530	4705	4691
980	2983	6538	4718	4701
981	2986	6551	4731	4710
982	2991	6564	4739	4720
983	2997	6585	4748	4730
984	3003	6592	4762	4740
985	3012	6598	4769	4750
986	3016	6603	4778	4760
987	3027	6618	4790	4770
988	3033	6632	4799	4780
989	3042	6648	4809	4789
990	3049	6661	4819	4799
991	3056	6671	4831	4809
992	3064	6678	4839	4819
993	3071	6692	4848	4829
994	3076	6702	4860	4839
995	3086	6715	4870	4849
996	3091	6742	4881	4859
997	3096	6765	4891	4869
998	3101	6778	4907	4879
999	3109	6791	4920	4889
1000	3114	6794	4928	4899
1001	3121	6798	4942	4908
1002	3131	6806	4951	4918
1003	3136	6821	4962	4928
1004	3142	6830	4971	4938
1005	3152	6841	4982	4948
1006	3161	6855	4991	4958
1007	3168	6863	5001	4968
1008	3178	6877	5010	4978
1009	3183	6891	5021	4988
1010	3187	6905	5032	4998
1011	3195	6909	5044	5008
1012	3201	6918	5052	5018
1013	3206	6931	5062	5028
1014	3209	6944	5071	5038
1015	3212	6956	5083	5048
1016	3217	6969	5094	5058
1017	3227	6986	5105	5069
1018	3247	6996	5117	5079
1019	3256	7013	5130	5090
1020	3263	7023	5140	5100
1021	3269	7034	5150	5110
1022	3273	7042	5160	5121
1023	3278	7056	5170	5131
1024	3285	7080	5180	5141
1025	3293	7086	5189	5152
1026	3300	7105	5200	5162
1027	3306	7119	5211	5172
1028	3312	7125	5221	5183
1029	3314	7135	5228	5193
1030	3317	7149	5239	5204
1031	3321	7174	5246	5214
1032	3326	7191	5256	5224
1033	3332	7212	5269	5235
1034	3343	7235	5278	5245
1035	3354	7246	5289	5257
1036	3361	7256	5303	5268
1037	3374	7267	5311	5280
1038	3381	7288	5323	5292
1039	3384	7304	5334	5304
1040	3389	7314	5346	5315
1041	3397	7322	5357	5327
1042	3403	7335	5369	5339
1043	3412	7347	5380	5351
1044	3421	7370	5392	5362
1045	3427	7378	5407	5374
1046	3437	7385	5423	5386
1047	3449	7392	5434	5397
1048	3458	7414	5444	5409
1049	3469	7423	5456	5421
1050	3492	7429	5468	5433
1051	3499	7445	5480	5444
1052	3501	7452	5489	5456
1053	3506	7471	5501	5468
1054	3512	7488	5514	5480
1055	3522	7501	5525	5491
1056	3532	7526	5536	5503
1057	3548	7544	5547	5515
1058	3553	7567	5559	5527
1059	3561	7574	5573	5539
1060	3567	7602	5584	5550
1061	3579	7623	5597	5562
1062	3582	7644	5610	5574
1063	3584	7655	5619	5586
1064	3594	7671	5636	5598
1065	3599	7680	5648	5609
1066	3603	7703	5662	5621
1067	3610	7722	5673	5633
1068	3620	7746	5684	5645
1069	3631	7763	5695	5657
1070	3641	7781	5707	5669
1071	3653	7812	5719	5680
1072	3659	7830	5731	5692
1073	3667	7849	5743	5704
1074	3673	7871	5753	5716
1075	3685	7887	5767	5728
1076	3689	7904	5778	5740
1077	3696	7911	5791	5752
1078	3713	7920	5804	5765
1079	3716	7927	5820	5777
1080	3725	7935	5835	5789
1081	3744	7943	5847	5801
1082	3753	7951	5866	5813
1083	3762	7961	5874	5825
1084	3776	7968	5887	5838
1085	3792	7976	5901	5850
1086	3807	7987	5915	5862
1087	3816	7996	5928	5874
1088	3820	8010	5939	5886
1089	3830	8022	5951	5898
1090	3840	8045	5967	5911
1091	3848	8062	5979	5923
1092	3859	8078	5989	5935
1093	3862	8097	5998	5947
1094	3868	8114	6011	5959
1095	3877	8131	6023	5971
1096	3884	8156	6038	5983
1097	3887	8186	6049	5995
1098	3890	8203	6061	6007
1099	3901	8217	6071	6019
1100	3907	8231	6084	6031
1101	3917	8244	6102	6043
1102	3926	8257	6113	6055
1103	3934	8264	6122	6067
1104	3947	8270	6129	6079
1105	3956	8277	6141	6091
1106	3968	8283	6153	6103
1107	3979	8296	6170	6115
1108	3991	8322	6176	6126
1109	3992	8340	6186	6138
1110	4014	8374	6195	6150
1111	4025	8402	6207	6162
1112	4028	8426	6220	6174
1113	4030	8446	6229	6186
1114	4032	8458	6238	6198
1115	4034	8476	6251	6210
1116	4056	8493	6265	6222
1117	4065	8500	6279	6233
1118	4065	8513	6291	6245
1119	4074	8527	6305	6257
1120	4086	8548	6319	6269
1121	4098	8557	6331	6281
1122	4110	8563	6342	6292
1123	4122	8571	6355	6304
1124	4134	8587	6370	6316
1125	4142	8597	6382	6328
1126	4146	8619	6394	6339
1127	4150	8639	6402	6351
1128	4157	8651	6415	6363
1129	4163	8667	6428	6375
1130	4172	8686	6441	6387
1131	4173	8705	6447	6398
1132	4186	8720	6461	6410
1133	4201	8744	6477	6422
1134	4206	8759	6492	6434
1135	4213	8767	6504	6447
1136	4227	8780	6517	6461
1137	4230	8798	6529	6474
1138	4235	8816	6541	6488
1139	4246	8837	6557	6501
1140	4249	8859	6571	6515
1141	4264	8871	6584	6528
1142	4281	8881	6597	6542
1143	4294	8914	6612	6555
1144	4306	8927	6625	6569
1145	4314	8954	6641	6582
1146	4323	8971	6655	6596
1147	4329	8988	6665	6609
1148	4350	9007	6678	6623
1149	4364	9020	6691	6637
1150	4367	9044	6702	6650
1151	4371	9061	6715	6664
1152	4375	9085	6728	6677
1153	4392	9095	6742	6691
1154	4395	9103	6753	6704
1155	4407	9119	6768	6719
1156	4431	9130	6781	6734
1157	4441	9140	6793	6749
1158	4455	9147	6807	6764
1159	4473	9154	6825	6779
1160	4483	9173	6839	6794
1161	4501	9181	6853	6809
1162	4509	9196	6870	6824
1163	4516	9218	6887	6839
1164	4520	9239	6899	6854
1165	4531	9265	6913	6869
1166	4538	9281	6928	6884
1167	4547	9296	6943	6899
1168	4556	9309	6958	6914
1169	4565	9321	6975	6929
1170	4578	9333	6989	6944
1171	4586	9345	7004	6959
1172	4602	9395	7018	6974
1173	4609	9399	7033	6989
1174	4614	9422	7047	7004
1175	4633	9439	7061	7020
1176	4653	9457	7078	7035
1177	4661	9477	7096	7050
1178	4671	9492	7112	7065
1179	4683	9505	7130	7080
1180	4693	9524	7141	7096
1181	4706	9540	7158	7111
1182	4717	9556	7177	7126
1183	4728	9573	7197	7141
1184	4737	9598	7212	7157
1185	4749	9616	7229	7172
1186	4756	9638	7240	7187
1187	4763	9659	7255	7202
1188	4768	9680	7273	7217
1189	4777	9683	7286	7233
1190	4785	9706	7304	7248
1191	4795	9734	7314	7263
1192	4807	9738	7331	7278
1193	4819	9768	7349	7293
1194	4832	9796	7365	7309
1195	4839	9814	7378	7324
1196	4858	9833	7394	7339
1197	4863	9847	7412	7354
1198	4869	9858	7424	7369
1199	4879	9868	7439	7384
1200	4888	9873	7457	7399
1201	4893	9885	7472	7414
1202	4903	9904	7488	7429
1203	4914	9917	7500	7444
1204	4931	9930	7516	7459
1205	4942	9963	7533	7474
1206	4949	9976	7547	7489
1207	4962	9991	7563	7504
1208	4967	10005	7574	7519
1209	4970	10018	7588	7534
1210	4983	10041	7605	7549
1211	4996	10049	7621	7564
1212	5013	10080	7638	7579
1213	5021	10108	7651	7594
1214	5028	10158	7667	7609
1215	5052	10160	7681	7623
1216	5063	10162	7694	7638
1217	5066	10164	7708	7653
1218	5073	10168	7728	7668
1219	5078	10182	7739	7682
1220	5088	10201	7758	7697
1221	5113	10223	7773	7712
1222	5123	10253	7786	7726
1223	5143	10259	7800	7741
1224	5157	10269	7818	7756
1225	5169	10290	7831	7771
1226	5183	10309	7842	7785
1227	5191	10327	7856	7800
1228	5196	10348	7870	7815
1229	5201	10359	7891	7830
1230	5210	10369	7908	7844
1231	5217	10395	7919	7859
1232	5230	10408	7937	7874
1233	5238	10445	7953	7888
1234	5245	10463	7969	7903
1235	5265	10478	7981	7918
1236	5284	10487	7996	7933
1237	5297	10493	8012	7949
1238	5309	10500	8028	7964
1239	5313	10523	8043	7979
1240	5318	10534	8057	7994
1241	5328	10562	8070	8009
1242	5337	10586	8086	8024
1243	5347	10630	8100	8039
1244	5365	10652	8116	8055
1245	5377	10662	8132	8070
1246	5393	10681	8145	8085
1247	5397	10716	8161	8100
1248	5403	10737	8177	8115
1249	5414	10746	8188	8130
1250	5418	10765	8204	8146
1251	5438	10787	8223	8161
1252	5455	10803	8239	8176
1253	5458	10847	8257	8191
1254	5466	10893	8270	8206
1255	5478	10915	8287	8221
1256	5495	10926	8302	8236
1257	5499	10930	8312	8251
1258	5513	10935	8330	8266
1259	5521	10939	8347	8281
1260	5532	10971	8361	8296
1261	5538	11008	8371	8311
1262	5546	11013	8390	8326
1263	5554	11028	8402	8341
1264	5573	11069	8422	8356
1265	5580	11073	8442	8371
1266	5583	11077	8453	8386
1267	5586	11111	8468	8401
1268	5591	11123	8487	8416
1269	5600	11150	8503	8431
1270	5608	11174	8518	8446
1271	5625	11179	8535	8461
1272	5636	11191	8546	8476
1273	5653	11203	8563	8491
1274	5665	11214	8576	8506
1275	5671	11234	8592	8521
1276	5676	11270	8602	8536
1277	5682	11277	8618	8551
1278	5694	11295	8632	8566
1279	5707	11309	8651	8582
1280	5714	11318	8666	8597
1281	5720	11324	8681	8612
1282	5736	11341	8694	8627
1283	5749	11353	8714	8643
1284	5760	11364	8727	8658
1285	5769	11378	8745	8673
1286	5777	11386	8761	8688
1287	5782	11392	8773	8704
1288	5796	11407	8786	8719
1289	5801	11426	8800	8734
1290	5811	11456	8814	8749
1291	5814	11489	8832	8764
1292	5820	11526	8842	8780
1293	5823	11546	8855	8795
1294	5830	11573	8870	8810
1295	5841	11579	8885	8825
1296	5848	11585	8904	8840
1297	5854	11591	8924	8854
1298	5870	11604	8942	8869
1299	5876	11625	8959	8884
1300	5885	11642	8977	8899
1301	5891	11661	8988	8913
1302	5910	11691	9002	8928
1303	5922	11707	9012	8943
1304	5927	11730	9025	8958
1305	5942	11752	9037	8972
1306	5965	11775	9060	8987
1307	5981	11793	9072	9002
1308	5988	11808	9089	9017
1309	5995	11827	9109	9031
1310	6004	11844	9126	9046
1311	6008	11857	9142	9061
1312	6015	11880	9159	9076
1313	6022	11902	9176	9090
1314	6033	11927	9194	9105
1315	6044	11939	9211	9120
1316	6055	11946	9225	9135
1317	6066	11954	9244	9150
1318	6075	11961	9262	9165
1319	6081	11974	9280	9180
1320	6092	11985	9298	9195
1321	6104	12002	9312	9210
1322	6115	12011	9328	9225
1323	6122	12020	9343	9240
1324	6127	12029	9362	9255
1325	6144	12034	9380	9270
1326	6154	12046	9393	9285
1327	6164	12055	9402	9300
1328	6172	12064	9415	9315
1329	6178	12073	9436	9330
1330	6184	12082	9447	9345
1331	6190	12106	9460	9360
1332	6194	12138	9472	9375
1333	6200	12156	9486	9390
1334	6205	12174	9500	9405
1335	6212	12185	9514	9419
1336	6226	12195	9527	9434
1337	6233	12207	9546	9448
1338	6246	12218	9561	9462
1339	6254	12229	9573	9477
1340	6263	12240	9587	9491
1341	6277	12251	9603	9505
1342	6293	12263	9619	9520
1343	6298	12283	9630	9534
1344	6309	12302	9642	9548
1345	6325	12320	9658	9563
1346	6333	12338	9678	9577
1347	6342	12357	9691	9591
1348	6354	12375	9705	9606
1349	6360	12393	9713	9620
1350	6377	12410	9726	9634
1351	6383	12424	9742	9649
1352	6387	12439	9751	9663
1353	6392	12454	9761	9677
1354	6398	12486	9782	9692
1355	6410	12493	9797	9707
1356	6427	12501	9811	9722
1357	6454	12507	9833	9737
1358	6461	12514	9850	9752
1359	6475	12554	9864	9767
1360	6483	12556	9886	9782
1361	6493	12556	9905	9797
1362	6502	12573	9921	9812
1363	6513	12612	9940	9827
1364	6526	12651	9951	9842
1365	6538	12687	9971	9857
1366	6549	12731	9979	9873
1367	6555	12770	9998	9888
1368	6567	12809	10010	9903
1369	6582	12829	10027	9918
1370	6590	12847	10042	9933
1371	6601	12883	10056	9948
1372	6615	12899	10079	9963
1373	6619	12920	10093	9978
1374	6634	12933	10105	9993
1375	6641	12973	10124	10008
1376	6648	12988	10142	10023
1377	6652	13001	10157	10037
1378	6658	13013	10170	10052
1379	6664	13023	10189	10067
1380	6673	13030	10202	10082
1381	6681	13037	10216	10096
1382	6698	13064	10229	10111
1383	6718	13077	10239	10126
1384	6732	13115	10255	10140
1385	6740	13128	10268	10155
1386	6748	13153	10284	10170
1387	6760	13173	10299	10185
1388	6763	13195	10313	10199
1389	6771	13220	10320	10214
1390	6775	13237	10330	10229
1391	6784	13250	10349	10244
1392	6791	13273	10362	10258
1393	6799	13291	10372	10273
1394	6809	13309	10390	10288
1395	6819	13330	10413	10303
1396	6828	13351	10433	10318
1397	6836	13372	10447	10334
1398	6854	13387	10461	10349
1399	6876	13395	10476	10364
1400	6892	13403	10489	10380
1401	6907	13411	10501	10395
1402	6923	13419	10523	10410
1403	6933	13477	10548	10425
1404	6942	13491	10568	10441
1405	6947	13503	10582	10456
1406	6961	13516	10597	10471
1407	6968	13520	10612	10487
1408	6974	13542	10626	10502
1409	6982	13556	10641	10517
1410	6990	13572	10652	10533
1411	6997	13593	10671	10548
1412	7004	13614	10683	10563
1413	7011	13627	10702	10579
1414	7020	13660	10718	10594
1415	7041	13676	10738	10611
1416	7058	13687	10756	10628
1417	7076	13698	10777	10645
1418	7090	13709	10803	10662
1419	7111	13721	10824	10678
1420	7124	13732	10840	10695
1421	7136	13771	10853	10712
1422	7148	13790	10869	10729
1423	7158	13797	10883	10746
1424	7173	13804	10903	10763
1425	7189	13811	10915	10780
1426	7201	13841	10932	10797
1427	7215	13928	10951	10814
1428	7231	13958	10969	10831
1429	7241	14016	10986	10848
1430	7252	14042	11002	10865
1431	7257	14069	11017	10882
1432	7264	14095	11040	10899
1433	7280	14143	11056	10915
1434	7287	14182	11069	10932
1435	7308	14208	11086	10950
1436	7317	14226	11109	10969
1437	7331	14229	11125	10987
1438	7347	14244	11138	11005
1439	7351	14272	11156	11023
1440	7360	14280	11173	11041
1441	7374	14285	11194	11059
1442	7385	14333	11209	11077
1443	7401	14341	11223	11095
1444	7416	14348	11245	11113
1445	7431	14355	11263	11131
1446	7442	14364	11276	11149
1447	7455	14396	11294	11168
1448	7487	14402	11315	11186
1449	7502	14460	11331	11204
1450	7518	14526	11350	11222
1451	7531	14543	11367	11240
1452	7544	14575	11389	11258
1453	7551	14619	11403	11276
1454	7561	14636	11418	11294
1455	7568	14640	11437	11312
1456	7583	14645	11457	11329
1457	7611	14649	11472	11346
1458	7633	14654	11486	11364
1459	7642	14658	11501	11381
1460	7655	14663	11524	11399
1461	7672	14667	11536	11416
1462	7683	14672	11557	11434
1463	7695	14676	11577	11451
1464	7705	14681	11599	11468
1465	7713	14711	11613	11486
1466	7724	14747	11627	11503
1467	7736	14750	11638	11521
1468	7745	14753	11661	11538
1469	7756	14774	11679	11556
1470	7762	14796	11701	11573
1471	7771	14831	11719	11591
1472	7784	14854	11734	11608
1473	7791	14896	11755	11625
1474	7799	14939	11777	11643
1475	7825	14950	11795	11661
1476	7840	14968	11810	11679
1477	7856	14987	11831	11697
1478	7869	15006	11851	11715
1479	7891	15021	11868	11734
1480	7911	15024	11885	11752
1481	7930	15044	11899	11770
1482	7946	15068	11917	11788
1483	7973	15086	11930	11806
1484	7998	15113	11956	11824
1485	8013	15140	11971	11843
1486	8041	15167	11990	11861
1487	8052	15194	12005	11879
1488	8066	15264	12022	11897
1489	8078	15292	12035	11915
1490	8093	15308	12056	11933
1491	8114	15323	12080	11951
1492	8128	15353	12100	11970
1493	8140	15379	12118	11988
1494	8158	15396	12136	12006
1495	8169	15433	12150	12024
1496	8186	15438	12161	12041
1497	8205	15442	12179	12059
1498	8221	15449	12193	12077
1499	8231	15483	12204	12095
1500	8251	15493	12220	12113
1501	8272	15544	12243	12131
1502	8278	15606	12264	12148
1503	8285	15610	12290	12166
1504	8308	15623	12313	12184
1505	8341	15640	12332	12202
1506	8352	15649	12346	12220
1507	8363	15669	12358	12237
1508	8383	15693	12377	12255
1509	8407	15718	12399	12273
1510	8410	15743	12415	12291
1511	8420	15753	12430	12309
1512	8448	15762	12454	12326
1513	8477	15795	12474	12344
1514	8502	15826	12497	12362
1515	8512	15841	12514	12380
1516	8521	15850	12532	12398
1517	8537	15866	12551	12416
1518	8558	15894	12564	12434
1519	8567	15921	12580	12452
1520	8592	15923	12599	12470
1521	8607	15958	12617	12488
1522	8635	15971	12632	12506
1523	8651	15992	12649	12524
1524	8661	16026	12664	12542
1525	8677	16060	12686	12560
1526	8691	16093	12704	12579
1527	8725	16126	12722	12597
1528	8749	16159	12740	12615
1529	8757	16185	12749	12633
1530	8765	16199	12773	12651
1531	8777	16219	12793	12669
1532	8782	16261	12820	12687
1533	8805	16275	12845	12705
1534	8814	16307	12857	12723
1535	8826	16317	12872	12741
1536	8840	16321	12884	12759
1537	8852	16324	12904	12777
1538	8863	16342	12924	12796
1539	8871	16380	12937	12814
1540	8888	16397	12956	12832
1541	8905	16477	12972	12850
1542	8921	16506	12991	12868
1543	8930	16559	13010	12886
1544	8943	16564	13027	12905
1545	8964	16568	13045	12923
1546	8978	16617	13060	12941
1547	8999	16637	13086	12959
1548	9019	16656	13100	12977
1549	9030	16674	13116	12995
1550	9045	16695	13136	13014
1551	9069	16713	13151	13032
1552	9085	16732	13169	13050
1553	9096	16784	13183	13068
1554	9111	16791	13195	13086
1555	9123	16804	13217	13105
1556	9136	16837	13229	13123
1557	9144	16870	13252	13141
1558	9168	16877	13277	13159
1559	9188	16879	13301	13177
1560	9203	16881	13323	13196
1561	9222	16931	13343	13214
1562	9237	16944	13366	13232
1563	9262	16955	13381	13250
1564	9270	16967	13397	13268
1565	9272	17012	13411	13287
1566	9282	17057	13429	13305
1567	9306	17096	13442	13323
1568	9324	17109	13460	13341
1569	9346	17144	13483	13359
1570	9350	17163	13502	13377
1571	9364	17170	13525	13396
1572	9390	17179	13541	13414
1573	9404	17199	13552	13432
1574	9409	17218	13570	13450
1575	9431	17226	13583	13468
1576	9456	17261	13599	13486
1577	9467	17299	13611	13504
1578	9491	17327	13635	13522
1579	9504	17353	13660	13541
1580	9525	17376	13676	13559
1581	9551	17401	13694	13577
1582	9577	17423	13706	13595
1583	9592	17434	13722	13613
1584	9602	17437	13734	13631
1585	9624	17448	13756	13649
1586	9637	17454	13774	13667
1587	9661	17495	13790	13685
1588	9681	17514	13806	13703
1589	9685	17533	13823	13721
1590	9711	17553	13844	13739
1591	9721	17571	13859	13757
1592	9738	17592	13877	13775
1593	9749	17623	13900	13793
1594	9759	17647	13912	13811
1595	9775	17659	13932	13830
1596	9792	17670	13944	13848
1597	9819	17690	13968	13866
1598	9829	17702	13980	13885
1599	9841	17713	13999	13903
1600	9852	17723	14015	13921
1601	9871	17752	14038	13939
1602	9879	17779	14060	13958
1603	9910	17821	14077	13976
1604	9926	17831	14096	13994
1605	9938	17851	14112	14013
1606	9948	17858	14125	14031
1607	9975	17889	14144	14049
1608	9988	17900	14162	14068
1609	9998	17904	14177	14086
1610	10016	17952	14195	14104
1611	10038	17972	14214	14122
1612	10050	17992	14233	14141
1613	10071	18012	14253	14159
1614	10083	18032	14270	14177
1615	10100	18050	14286	14195
1616	10108	18064	14304	14213
1617	10115	18071	14322	14231
1618	10122	18083	14335	14250
1619	10132	18108	14348	14268
1620	10152	18137	14367	14286
1621	10154	18166	14388	14304
1622	10155	18204	14408	14322
1623	10198	18224	14427	14340
1624	10221	18244	14441	14358
1625	10226	18259	14462	14376
1626	10250	18277	14480	14394
1627	10283	18331	14492	14412
1628	10306	18372	14513	14430
1629	10319	18401	14537	14448
1630	10332	18413	14552	14466
1631	10344	18421	14567	14484
1632	10364	18439	14582	14502
1633	10379	18496	14595	14520
1634	10403	18548	14610	14539
1635	10407	18560	14625	14557
1636	10411	18570	14640	14575
1637	10419	18589	14659	14593
1638	10438	18598	14686	14611
1639	10462	18632	14701	14629
1640	10487	18644	14718	14647
1641	10511	18648	14732	14665
1642	10534	18653	14749	14683
1643	10540	18687	14766	14701
1644	10549	18734	14785	14719
1645	10553	18752	14800	14737
1646	10559	18758	14821	14755
1647	10574	18776	14842	14773
1648	10593	18786	14860	14791
1649	10616	18796	14872	14809
1650	10624	18814	14879	14827
1651	10640	18864	14894	14845
1652	10646	18899	14910	14863
1653	10662	18963	14936	14881
1654	10671	18977	14956	14899
1655	10687	18978	14968	14918
1656	10697	19006	14989	14936
1657	10714	19020	15004	14954
1658	10728	19027	15029	14972
1659	10739	19052	15052	14991
1660	10745	19078	15069	15009
1661	10767	19104	15096	15027
1662	10781	19130	15117	15046
1663	10784	19171	15127	15064
1664	10799	19194	15143	15082
1665	10818	19207	15162	15101
1666	10837	19224	15178	15119
1667	10857	19241	15194	15137
1668	10868	19259	15211	15155
1669	10875	19290	15229	15174
1670	10889	19302	15242	15192
1671	10903	19311	15256	15210
1672	10920	19328	15274	15229
1673	10930	19345	15293	15247
1674	10940	19363	15314	15265
1675	10967	19383	15331	15284
1676	10984	19414	15351	15302
1677	11009	19440	15368	15321
1678	11020	19464	15382	15340
1679	11034	19469	15399	15358
1680	11049	19474	15420	15377
1681	11063	19480	15438	15395
1682	11068	19485	15456	15414
1683	11077	19491	15478	15432
1684	11086	19518	15501	15451
1685	11120	19540	15520	15470
1686	11127	19552	15542	15488
1687	11133	19584	15561	15507
1688	11146	19622	15587	15525
1689	11165	19663	15602	15544
1690	11184	19678	15624	15562
1691	11208	19708	15636	15581
1692	11219	19752	15653	15600
1693	11230	19774	15670	15618
1694	11249	19808	15684	15637
1695	11259	19826	15704	15655
1696	11295	19836	15723	15673
1697	11316	19850	15741	15692
1698	11337	19865	15758	15710
1699	11356	19879	15779	15729
1700	11372	19894	15794	15747
1701	11391	19908	15810	15765
1702	11405	19922	15831	15784
1703	11428	19937	15853	15802
1704	11458	19951	15868	15820
1705	11481	19965	15886	15839
1706	11495	19977	15906	15857
1707	11517	19992	15926	15875
1708	11539	20009	15940	15894
1709	11552	20024	15959	15912
1710	11555	20039	15983	15931
1711	11564	20053	16003	15949
1712	11585	20069	16022	15967
1713	11607	20110	16036	15986
1714	11625	20140	16050	16004
1715	11640	20162	16065	16022
1716	11645	20193	16080	16039
1717	11675	20214	16100	16057
1718	11686	20251	16118	16075
1719	11706	20299	16133	16093
1720	11727	20336	16145	16110
1721	11732	20358	16166	16128
1722	11757	20366	16192	16146
1723	11782	20387	16209	16163
1724	11794	20397	16220	16181
1725	11830	20425	16236	16199
1726	11855	20487	16251	16217
1727	11869	20525	16264	16234
1728	11884	20532	16276	16252
1729	11895	20544	16288	16270
1730	11902	20569	16309	16287
1731	11913	20582	16323	16305
1732	11920	20597	16350	16323
1733	11938	20665	16362	16341
1734	11961	20695	16378	16358
1735	11979	20709	16397	16377
1736	11999	20730	16416	16395
1737	12017	20746	16433	16413
1738	12034	20785	16451	16432
1739	12046	20820	16470	16450
1740	12061	20828	16493	16468
1741	12079	20837	16513	16487
1742	12107	20845	16535	16505
1743	12126	20855	16552	16523
1744	12144	20863	16575	16542
1745	12162	20871	16591	16560
1746	12185	20880	16607	16578
1747	12213	20891	16624	16597
1748	12232	20937	16647	16615
1749	12245	20982	16665	16633
1750	12254	20990	16685	16652
1751	12279	21004	16702	16670
1752	12291	21014	16714	16688
1753	12323	21037	16730	16707
1754	12356	21061	16746	16725
1755	12380	21123	16759	16743
1756	12402	21138	16774	16762
1757	12430	21149	16791	16780
1758	12443	21158	16809	16799
1759	12447	21167	16826	16817
1760	12462	21177	16836	16835
1761	12478	21188	16857	16854
1762	12493	21196	16876	16872
1763	12504	21255	16889	16890
1764	12515	21262	16906	16909
1765	12535	21298	16930	16927
1766	12553	21300	16948	16946
1767	12571	21302	16963	16964
1768	12588	21304	16982	16982
1769	12601	21325	16998	17001
1770	12618	21328	17012	17019
1771	12632	21344	17032	17037
1772	12642	21369	17047	17056
1773	12649	21401	17065	17074
1774	12659	21417	17083	17093
1775	12701	21441	17099	17112
1776	12720	21465	17113	17131
1777	12731	21489	17132	17150
1778	12751	21512	17153	17169
1779	12781	21535	17171	17188
1780	12812	21558	17190	17207
1781	12828	21570	17204	17226
1782	12839	21595	17221	17246
1783	12862	21619	17242	17265
1784	12880	21644	17259	17284
1785	12896	21668	17283	17303
1786	12905	21680	17299	17322
1787	12914	21685	17313	17341
1788	12926	21689	17334	17360
1789	12938	21693	17350	17380
1790	12953	21697	17369	17399
1791	12968	21701	17385	17418
1792	12999	21770	17402	17437
1793	13014	21802	17416	17456
1794	13018	21814	17430	17475
1795	13042	21827	17450	17494
1796	13061	21829	17467	17513
1797	13072	21830	17486	17532
1798	13091	21862	17506	17551
1799	13105	21906	17524	17570
1800	13121	21933	17540	17588
1801	13155	21951	17555	17607
1802	13179	21961	17576	17626
1803	13207	21970	17592	17645
1804	13229	21998	17612	17664
1805	13241	22025	17630	17683
1806	13257	22031	17652	17702
1807	13277	22051	17667	17721
1808	13283	22081	17686	17739
1809	13295	22113	17705	17758
1810	13314	22130	17724	17777
1811	13329	22150	17741	17796
1812	13368	22175	17752	17815
1813	13408	22201	17766	17834
1814	13417	22219	17785	17853
1815	13441	22230	17797	17872
1816	13465	22244	17816	17891
1817	13502	22253	17838	17910
1818	13531	22262	17857	17929
1819	13546	22271	17877	17948
1820	13568	22280	17891	17967
1821	13600	22303	17911	17986
1822	13645	22328	17925	18006
1823	13666	22352	17940	18025
1824	13689	22377	17960	18044
1825	13707	22398	17984	18063
1826	13725	22414	18005	18082
1827	13744	22438	18023	18101
1828	13762	22459	18040	18120
1829	13788	22476	18055	18139
1830	13800	22494	18076	18158
1831	13816	22512	18096	18177
1832	13834	22529	18114	18197
1833	13851	22549	18130	18216
1834	13879	22571	18142	18235
1835	13913	22592	18157	18253
1836	13931	22613	18170	18272
1837	13945	22619	18187	18290
1838	13971	22633	18201	18308
1839	13999	22649	18227	18327
1840	14027	22669	18243	18345
1841	14057	22684	18257	18363
1842	14084	22710	18275	18382
1843	14122	22733	18293	18400
1844	14159	22758	18306	18419
1845	14168	22792	18324	18437
1846	14195	22829	18341	18455
1847	14211	22845	18357	18474
1848	14226	22865	18374	18492
1849	14242	22900	18395	18511
1850	14271	22927	18411	18529
1851	14324	22972	18425	18547
1852	14345	23004	18443	18566
1853	14357	23027	18461	18584
1854	14373	23052	18478	18603
1855	14416	23063	18494	18623
1856	14459	23098	18515	18643
1857	14502	23110	18536	18663
1858	14524	23138	18554	18683
