depth	min	max	median	mean
1770	264	1074	441	517
1771	295	1080	466	540
1772	324	1083	492	563
1773	352	1088	519	586
1774	376	1094	546	609
1775	398	1097	575	632
1776	419	1101	605	655
1777	434	1107	634	678
1778	452	1113	663	701
1779	465	1119	693	724
1780	478	1124	722	747
1781	491	1129	753	770
1782	505	1136	783	793
1783	518	1144	813	816
1784	529	1150	842	839
1785	538	1156	871	863
1786	547	1166	899	886
1787	556	1177	926	909
1788	565	1185	952	932
1789	576	1200	978	955
1790	587	1225	1002	978
1791	606	1228	1012	987
1792	627	1231	1021	996
1793	640	1234	1030	1005
1794	655	1238	1038	1014
1795	667	1242	1048	1023
1796	679	1246	1057	1032
1797	690	1251	1065	1042
1798	702	1256	1074	1051
1799	713	1261	1084	1060
1800	722	1268	1092	1069
1801	735	1275	1101	1078
1802	745	1286	1110	1087
1803	755	1293	1119	1096
1804	764	1304	1127	1105
1805	772	1319	1135	1114
1806	777	1330	1144	1123
1807	784	1347	1152	1132
1808	792	1360	1161	1142
1809	798	1378	1169	1151
1810	805	1394	1177	1160
1811	815	1398	1182	1165
1812	825	1401	1187	1170
1813	833	1404	1194	1175
1814	838	1410	1199	1181
1815	846	1415	1205	1186
1816	852	1420	1209	1191
1817	859	1425	1214	1196
1818	861	1428	1219	1201
1819	868	1432	1223	1207
1820	878	1438	1228	1212
1821	882	1443	1233	1217
1822	889	1448	1238	1222
1823	896	1455	1244	1228
1824	903	1461	1249	1233
1825	909	1468	1254	1238
1826	913	1474	1258	1243
1827	920	1482	1263	1248
1828	927	1490	1269	1254
1829	932	1498	1273	1259
1830	936	1507	1278	1264
1831	946	1510	1283	1269
1832	954	1513	1288	1275
1833	964	1516	1293	1280
1834	971	1519	1299	1285
1835	977	1523	1304	1291
1836	985	1528	1310	1296
1837	996	1531	1316	1301
1838	1001	1534	1321	1307
1839	1011	1539	1327	1312
1840	1017	1544	1332	1317
1841	1028	1547	1337	1323
1842	1034	1554	1342	1328
1843	1041	1558	1347	1334
1844	1048	1564	1353	1339
1845	1055	1569	1358	1344
1846	1060	1579	1362	1350
1847	1065	1586	1367	1355
1848	1070	1594	1372	1360
1849	1075	1601	1377	1366
1850	1081	1609	1382	1371
1851	1091	1612	1388	1376
1852	1100	1615	1392	1381
1853	1107	1619	1397	1386
1854	1114	1622	1402	1391
1855	1120	1627	1406	1397
1856	1126	1628	1411	1402
1857	1135	1633	1416	1407
1858	1141	1637	1421	1412
1859	1148	1642	1427	1417
1860	1152	1646	1432	1422
1861	1156	1651	1436	1427
1862	1162	1655	1441	1432
1863	1169	1660	1446	1437
1864	1174	1663	1451	1443
1865	1179	1669	1456	1448
1866	1187	1674	1461	1453
1867	1193	1679	1466	1458
1868	1197	1685	1471	1463
1869	1201	1691	1476	1468
1870	1204	1698	1481	1473
1871	1214	1701	1486	1479
1872	1227	1703	1491	1484
1873	1239	1706	1496	1489
1874	1247	1707	1500	1495
1875	1258	1711	1506	1500
1876	1267	1715	1511	1505
1877	1274	1716	1516	1511
1878	1282	1719	1522	1516
1879	1290	1725	1527	1522
1880	1297	1729	1533	1527
1881	1302	1731	1538	1532
1882	1311	1735	1542	1538
1883	1316	1739	1547	1543
1884	1320	1745	1553	1548
1885	1325	1750	1559	1554
1886	1332	1756	1565	1559
1887	1335	1763	1569	1564
1888	1342	1773	1574	1570
1889	1346	1781	1580	1575
1890	1351	1785	1586	1581
1891	1362	1788	1591	1586
1892	1374	1791	1595	1591
1893	1383	1792	1600	1596
1894	1392	1796	1604	1601
1895	1404	1800	1609	1607
1896	1412	1803	1614	1612
1897	1423	1806	1618	1617
1898	1430	1810	1623	1622
1899	1437	1814	1629	1628
1900	1443	1819	1634	1633
1901	1448	1822	1639	1638
1902	1455	1825	1644	1643
1903	1463	1834	1649	1648
1904	1469	1841	1654	1654
1905	1474	1851	1658	1659
1906	1478	1857	1664	1664
1907	1485	1862	1670	1669
1908	1489	1867	1674	1675
1909	1493	1875	1679	1680
1910	1499	1881	1684	1685
1911	1503	1885	1689	1690
1912	1509	1890	1693	1695
1913	1511	1894	1697	1700
1914	1516	1902	1702	1705
1915	1519	1906	1707	1710
1916	1523	1912	1712	1714
1917	1527	1920	1717	1719
1918	1532	1925	1722	1724
1919	1536	1931	1727	1729
1920	1538	1939	1733	1734
1921	1541	1946	1738	1739
1922	1544	1953	1742	1744
1923	1547	1960	1747	1749
1924	1549	1969	1751	1754
1925	1551	1981	1755	1759
1926	1552	1991	1759	1764
1927	1553	2000	1763	1769
1928	1555	2010	1768	1773
1929	1558	2020	1772	1778
1930	1560	2031	1777	1783
1931	1567	2035	1783	1788
1932	1573	2040	1788	1793
1933	1579	2043	1793	1798
1934	1585	2047	1798	1803
1935	1589	2051	1803	1808
1936	1593	2057	1809	1813
1937	1598	2063	1814	1818
1938	1603	2069	1818	1823
1939	1607	2075	1823	1828
1940	1612	2082	1828	1833
1941	1615	2090	1833	1838
1942	1618	2095	1838	1843
1943	1622	2101	1843	1848
1944	1624	2109	1848	1853
1945	1627	2116	1852	1858
1946	1633	2126	1857	1863
1947	1636	2137	1862	1868
1948	1639	2146	1866	1873
1949	1641	2158	1871	1878
1950	1644	2166	1875	1883
1951	1649	2169	1881	1888
1952	1657	2173	1885	1893
1953	1663	2174	1890	1899
1954	1669	2179	1895	1904
1955	1675	2184	1900	1909
1956	1680	2190	1906	1914
1957	1686	2194	1911	1919
1958	1692	2199	1917	1924
1959	1695	2206	1922	1930
1960	1700	2214	1927	1935
1961	1705	2221	1933	1940
1962	1708	2224	1939	1945
1963	1713	2229	1944	1950
1964	1717	2234	1949	1955
1965	1721	2240	1954	1961
1966	1725	2245	1959	1966
1967	1727	2250	1965	1971
1968	1730	2259	1969	1976
1969	1731	2268	1974	1981
1970	1734	2277	1978	1986
1971	1740	2281	1983	1991
1972	1745	2284	1987	1996
1973	1753	2287	1993	2002
1974	1757	2292	1998	2007
1975	1762	2295	2004	2012
1976	1769	2299	2009	2017
1977	1772	2303	2014	2022
1978	1774	2309	2019	2027
1979	1777	2317	2025	2032
1980	1781	2321	2030	2037
1981	1785	2327	2036	2042
1982	1789	2332	2042	2047
1983	1790	2340	2047	2052
1984	1794	2346	2053	2057
1985	1796	2353	2057	2062
1986	1800	2358	2063	2067
1987	1803	2366	2069	2072
1988	1805	2376	2073	2077
1989	1807	2383	2078	2082
1990	1809	2393	2084	2087
1991	1816	2396	2089	2092
1992	1819	2397	2094	2097
1993	1825	2398	2100	2102
1994	1830	2401	2104	2107
1995	1834	2405	2110	2112
1996	1840	2407	2115	2117
1997	1846	2412	2119	2122
1998	1851	2418	2124	2128
1999	1856	2423	2130	2133
2000	1859	2429	2135	2138
2001	1863	2435	2141	2143
2002	1866	2440	2147	2148
2003	1870	2445	2152	2153
2004	1873	2450	2158	2158
2005	1876	2456	2163	2163
2006	1878	2461	2168	2168
2007	1881	2469	2173	2173
2008	1883	2474	2179	2178
2009	1884	2482	2183	2184
2010	1886	2496	2189	2189
2011	1894	2497	2194	2194
2012	1900	2502	2199	2199
2013	1906	2505	2204	2204
2014	1912	2509	2208	2209
2015	1916	2511	2213	2214
2016	1919	2514	2218	2218
2017	1921	2517	2223	2223
2018	1925	2520	2228	2228
2019	1929	2522	2233	2233
2020	1933	2528	2238	2238
2021	1939	2533	2243	2243
2022	1942	2537	2249	2248
2023	1946	2544	2254	2253
2024	1950	2549	2259	2258
2025	1954	2556	2264	2263
2026	1958	2561	2269	2268
2027	1963	2567	2275	2273
2028	1966	2573	2280	2278
2029	1968	2580	2285	2283
2030	1971	2584	2289	2288
2031	1979	2588	2295	2293
2032	1985	2592	2300	2298
2033	1991	2599	2305	2304
2034	1996	2602	2310	2309
2035	2000	2607	2316	2314
2036	2006	2615	2321	2319
2037	2010	2621	2326	2324
2038	2016	2627	2331	2330
2039	2021	2631	2336	2335
2040	2028	2638	2340	2340
2041	2033	2642	2348	2345
2042	2038	2650	2353	2350
2043	2043	2653	2358	2356
2044	2046	2660	2363	2361
2045	2052	2666	2368	2366
2046	2055	2672	2373	2371
2047	2058	2680	2379	2376
2048	2062	2686	2385	2381
2049	2065	2693	2389	2387
2050	2069	2701	2393	2392
2051	2076	2704	2398	2397
2052	2083	2710	2403	2402
2053	2089	2713	2408	2407
2054	2094	2716	2413	2412
2055	2099	2720	2418	2417
2056	2105	2723	2423	2422
2057	2111	2726	2428	2427
2058	2114	2730	2434	2432
2059	2119	2733	2439	2437
2060	2127	2738	2444	2442
2061	2132	2740	2449	2447
2062	2137	2745	2454	2452
2063	2140	2752	2460	2457
2064	2145	2755	2465	2462
2065	2149	2759	2471	2467
2066	2153	2764	2477	2472
2067	2156	2769	2481	2477
2068	2159	2778	2486	2482
2069	2164	2785	2492	2488
2070	2169	2793	2496	2493
2071	2172	2795	2502	2498
2072	2180	2797	2506	2503
2073	2184	2801	2511	2508
2074	2189	2804	2516	2513
2075	2197	2806	2522	2518
2076	2202	2809	2526	2523
2077	2209	2812	2531	2528
2078	2213	2815	2538	2533
2079	2221	2817	2543	2538
2080	2225	2822	2549	2544
2081	2228	2826	2555	2549
2082	2235	2830	2559	2554
2083	2237	2833	2565	2559
2084	2242	2838	2570	2564
2085	2247	2841	2576	2569
2086	2251	2847	2581	2574
2087	2253	2851	2586	2579
2088	2259	2856	2592	2584
2089	2264	2862	2597	2590
2090	2270	2871	2602	2595
2091	2276	2873	2608	2600
2092	2284	2877	2613	2605
2093	2295	2881	2619	2610
2094	2304	2883	2624	2616
2095	2310	2886	2628	2621
2096	2315	2887	2634	2626
2097	2324	2891	2640	2632
2098	2328	2896	2645	2637
2099	2334	2899	2650	2642
2100	2344	2905	2655	2647
2101	2346	2912	2661	2653
2102	2350	2917	2667	2658
2103	2356	2921	2672	2663
2104	2360	2926	2677	2669
2105	2363	2932	2683	2674
2106	2369	2939	2689	2679
2107	2372	2943	2695	2684
2108	2378	2948	2700	2690
2109	2383	2953	2706	2695
2110	2387	2958	2711	2700
2111	2396	2961	2716	2705
2112	2403	2963	2720	2710
2113	2412	2967	2724	2715
2114	2418	2971	2729	2720
2115	2429	2974	2733	2726
2116	2441	2977	2738	2731
2117	2447	2980	2743	2736
2118	2458	2984	2748	2741
2119	2466	2988	2753	2746
2120	2475	2994	2758	2751
2121	2483	2998	2763	2756
2122	2490	3002	2767	2761
2123	2495	3007	2772	2766
2124	2499	3011	2777	2771
2125	2505	3015	2781	2776
2126	2511	3019	2786	2781
2127	2519	3024	2791	2786
2128	2522	3029	2796	2791
2129	2525	3037	2801	2796
2130	2531	3043	2806	2801
2131	2539	3045	2811	2806
2132	2548	3047	2815	2811
2133	2558	3049	2820	2816
2134	2567	3052	2825	2822
2135	2576	3056	2830	2827
2136	2585	3061	2835	2832
2137	2593	3064	2840	2837
2138	2600	3068	2845	2842
2139	2607	3070	2850	2847
2140	2615	3073	2855	2852
2141	2623	3077	2860	2857
2142	2628	3080	2865	2862
2143	2632	3085	2870	2867
2144	2637	3091	2875	2873
2145	2643	3095	2880	2878
2146	2647	3100	2885	2883
2147	2650	3103	2889	2888
2148	2657	3107	2895	2893
2149	2661	3112	2901	2898
2150	2665	3118	2906	2903
2151	2678	3121	2910	2908
2152	2689	3122	2914	2913
2153	2700	3125	2918	2918
2154	2709	3128	2923	2923
2155	2716	3132	2927	2928
2156	2727	3135	2931	2933
2157	2736	3138	2936	2938
2158	2746	3141	2940	2943
2159	2753	3144	2945	2948
2160	2761	3147	2950	2953
2161	2769	3150	2955	2958
2162	2776	3156	2960	2963
2163	2782	3159	2965	2968
2164	2787	3165	2970	2973
2165	2793	3170	2975	2978
2166	2800	3175	2980	2982
2167	2804	3181	2985	2987
2168	2810	3186	2990	2992
2169	2814	3192	2996	2997
2170	2817	3197	3000	3002
2171	2828	3200	3006	3009
2172	2837	3203	3013	3015
2173	2844	3207	3019	3022
2174	2851	3211	3026	3028
2175	2858	3215	3033	3035
2176	2863	3218	3040	3041
2177	2869	3223	3048	3048
2178	2873	3230	3055	3054
2179	2880	3233	3062	3061
2180	2886	3240	3069	3067
2181	2889	3247	3076	3074
2182	2895	3253	3083	3080
2183	2900	3260	3089	3087
2184	2903	3267	3096	3093
2185	2907	3277	3102	3100
2186	2911	3284	3109	3106
2187	2915	3295	3116	3113
2188	2918	3304	3122	3119
2189	2920	3314	3129	3126
2190	2924	3327	3135	3132
2191	2938	3330	3142	3139
2192	2950	3331	3149	3146
2193	2964	3334	3156	3153
2194	2975	3336	3163	3160
2195	2985	3339	3170	3167
2196	2997	3342	3177	3174
2197	3006	3344	3184	3181
2198	3015	3347	3191	3188
2199	3024	3348	3198	3195
2200	3034	3352	3205	3202
2201	3041	3357	3212	3209
2202	3048	3361	3220	3216
2203	3054	3366	3227	3223
2204	3060	3371	3235	3230
2205	3065	3376	3242	3237
2206	3072	3382	3249	3244
2207	3077	3388	3256	3251
2208	3082	3396	3264	3258
2209	3085	3403	3271	3265
2210	3090	3413	3278	3272
2211	3104	3415	3283	3277
2212	3116	3417	3289	3283
2213	3127	3420	3294	3289
2214	3140	3422	3300	3295
2215	3152	3425	3305	3301
2216	3163	3428	3311	3306
2217	3176	3431	3317	3312
2218	3186	3434	3323	3318
2219	3195	3437	3328	3324
2220	3205	3440	3334	3330
2221	3213	3443	3340	3335
2222	3221	3447	3346	3341
2223	3225	3452	3351	3347
2224	3230	3457	3356	3353
2225	3234	3463	3362	3358
2226	3239	3470	3368	3364
2227	3243	3477	3374	3370
2228	3248	3486	3379	3376
2229	3252	3492	3385	3382
2230	3255	3505	3390	3387
2231	3259	3507	3394	3391
2232	3264	3510	3397	3395
2233	3268	3513	3401	3398
2234	3273	3515	3405	3402
2235	3275	3520	3408	3406
2236	3278	3524	3411	3410
2237	3282	3530	3415	3413
2238	3286	3536	3418	3417
2239	3290	3540	3422	3421
2240	3293	3545	3426	3424
2241	3294	3550	3429	3428
2242	3297	3558	3433	3432
2243	3300	3565	3437	3435
2244	3303	3572	3440	3439
2245	3305	3579	3443	3443
2246	3308	3586	3447	3447
2247	3310	3592	3450	3450
2248	3312	3599	3454	3454
2249	3313	3606	3457	3458
2250	3315	3613	3460	3461
2251	3322	3615	3464	3465
2252	3327	3619	3468	3469
2253	3332	3623	3472	3472
2254	3337	3627	3475	3476
2255	3342	3630	3478	3480
2256	3347	3631	3481	3483
2257	3350	3633	3486	3487
2258	3354	3636	3490	3491
2259	3358	3639	3493	3494
2260	3362	3642	3497	3498
2261	3365	3644	3501	3502
2262	3368	3649	3504	3505
2263	3372	3654	3508	3509
2264	3375	3658	3511	3513
2265	3377	3664	3514	3516
2266	3379	3669	3518	3520
2267	3382	3674	3522	3524
2268	3384	3680	3525	3527
2269	3386	3684	3529	3531
2270	3388	3692	3532	3535
2271	3394	3694	3536	3538
2272	3400	3696	3540	3542
2273	3405	3699	3543	3545
2274	3410	3702	3546	3549
2275	3414	3706	3550	3552
2276	3419	3710	3553	3556
2277	3423	3714	3556	3559
2278	3427	3719	3560	3563
2279	3431	3721	3564	3566
2280	3434	3726	3567	3570
2281	3438	3729	3571	3573
2282	3441	3733	3575	3577
2283	3445	3736	3579	3580
2284	3449	3743	3582	3584
2285	3452	3744	3585	3588
2286	3455	3749	3589	3591
2287	3457	3753	3593	3595
2288	3459	3759	3596	3598
2289	3462	3767	3599	3602
2290	3464	3774	3603	3605
2291	3467	3778	3606	3609
2292	3472	3780	3610	3613
2293	3474	3783	3614	3617
2294	3477	3787	3618	3621
2295	3480	3791	3622	3625
2296	3483	3796	3626	3629
2297	3487	3802	3630	3632
2298	3491	3806	3634	3636
2299	3494	3810	3638	3640
2300	3497	3816	3641	3644
2301	3498	3822	3645	3648
2302	3500	3828	3649	3652
2303	3503	3836	3653	3656
2304	3505	3845	3656	3660
2305	3507	3852	3660	3664
2306	3508	3859	3664	3668
2307	3509	3868	3668	3672
2308	3511	3875	3671	3675
2309	3512	3884	3674	3679
2310	3514	3891	3677	3683
2311	3519	3894	3682	3687
2312	3524	3898	3685	3691
2313	3529	3900	3689	3695
2314	3532	3908	3693	3699
2315	3536	3910	3697	3703
2316	3539	3913	3701	3707
2317	3542	3916	3705	3712
2318	3544	3920	3709	3716
2319	3547	3924	3713	3720
2320	3549	3927	3717	3724
2321	3552	3934	3721	3728
2322	3554	3940	3726	3732
2323	3557	3946	3730	3736
2324	3559	3951	3734	3740
2325	3561	3958	3737	3744
2326	3564	3965	3741	3748
2327	3565	3972	3744	3752
2328	3568	3981	3748	3756
2329	3570	3990	3752	3760
2330	3571	3998	3756	3764
2331	3577	4001	3760	3768
2332	3580	4004	3764	3772
2333	3585	4008	3769	3776
2334	3589	4011	3772	3780
2335	3594	4014	3776	3784
2336	3596	4018	3780	3788
2337	3600	4021	3785	3792
2338	3602	4027	3789	3796
2339	3605	4031	3793	3800
2340	3607	4035	3798	3804
2341	3609	4038	3802	3808
2342	3611	4044	3805	3812
2343	3613	4051	3809	3816
2344	3615	4055	3814	3820
2345	3617	4061	3818	3824
2346	3620	4067	3821	3828
2347	3622	4076	3825	3832
2348	3625	4082	3829	3836
2349	3628	4087	3833	3840
2350	3630	4094	3837	3844
2351	3633	4098	3841	3848
2352	3637	4101	3845	3852
2353	3641	4105	3849	3856
2354	3646	4106	3854	3860
2355	3651	4110	3858	3864
2356	3654	4112	3862	3868
2357	3657	4116	3866	3872
2358	3660	4120	3871	3876
2359	3663	4125	3875	3880
2360	3667	4128	3879	3884
2361	3670	4133	3883	3888
2362	3673	4138	3886	3892
2363	3675	4144	3891	3895
2364	3677	4150	3895	3899
2365	3679	4155	3899	3903
2366	3681	4160	3904	3907
2367	3683	4166	3908	3911
2368	3685	4172	3912	3915
2369	3689	4179	3916	3919
2370	3692	4185	3920	3923
2371	3696	4189	3924	3927
2372	3698	4193	3927	3931
2373	3702	4196	3931	3934
2374	3706	4201	3935	3938
2375	3709	4205	3939	3942
2376	3714	4206	3943	3946
2377	3718	4212	3946	3950
2378	3721	4215	3950	3954
2379	3724	4219	3954	3957
2380	3727	4221	3958	3961
2381	3729	4224	3963	3965
2382	3732	4227	3967	3969
2383	3734	4231	3971	3973
2384	3736	4237	3975	3977
2385	3739	4243	3978	3980
2386	3741	4248	3982	3984
2387	3743	4254	3985	3988
2388	3745	4258	3989	3992
2389	3748	4265	3993	3996
2390	3750	4271	3996	3999
2391	3755	4274	3999	4003
2392	3759	4277	4003	4007
2393	3765	4279	4007	4011
2394	3770	4281	4012	4015
2395	3773	4286	4015	4019
2396	3778	4287	4019	4022
2397	3781	4290	4023	4026
2398	3784	4294	4027	4030
2399	3786	4296	4030	4034
2400	3790	4298	4034	4038
2401	3793	4303	4039	4041
2402	3795	4306	4043	4045
2403	3798	4311	4046	4049
2404	3800	4315	4050	4053
2405	3803	4319	4055	4057
2406	3804	4324	4059	4060
2407	3808	4329	4063	4064
2408	3811	4336	4067	4068
2409	3813	4343	4070	4072
2410	3815	4348	4074	4076
2411	3821	4350	4079	4080
2412	3826	4351	4083	4084
2413	3831	4355	4086	4088
2414	3837	4358	4090	4091
2415	3843	4362	4094	4095
2416	3846	4363	4099	4099
2417	3849	4366	4102	4103
2418	3852	4370	4108	4107
2419	3855	4375	4112	4111
2420	3859	4382	4116	4115
2421	3863	4385	4120	4119
2422	3866	4389	4125	4123
2423	3869	4393	4129	4127
2424	3872	4399	4132	4131
2425	3875	4402	4137	4135
2426	3878	4408	4141	4139
2427	3880	4413	4145	4143
2428	3881	4419	4149	4147
2429	3884	4423	4153	4151
2430	3887	4430	4156	4155
2431	3891	4432	4160	4158
2432	3896	4434	4165	4162
2433	3901	4437	4170	4166
2434	3906	4438	4174	4170
2435	3911	4441	4179	4174
2436	3916	4444	4183	4178
2437	3921	4446	4187	4182
2438	3924	4452	4190	4186
2439	3929	4456	4194	4190
2440	3933	4460	4199	4193
2441	3937	4463	4203	4197
2442	3940	4467	4206	4201
2443	3943	4472	4211	4205
2444	3946	4475	4214	4209
2445	3950	4481	4218	4213
2446	3952	4486	4223	4217
2447	3955	4492	4226	4221
2448	3957	4497	4230	4225
2449	3960	4500	4234	4228
2450	3962	4506	4237	4232
2451	3967	4509	4241	4236
2452	3972	4513	4244	4240
2453	3978	4515	4248	4244
2454	3982	4518	4252	4248
2455	3984	4520	4255	4252
2456	3989	4522	4258	4256
2457	3993	4524	4262	4260
2458	3996	4528	4267	4264
2459	4002	4530	4270	4268
2460	4005	4535	4275	4272
2461	4008	4542	4280	4276
2462	4011	4545	4284	4280
2463	4015	4548	4288	4284
2464	4019	4552	4292	4288
2465	4022	4556	4297	4292
2466	4024	4562	4301	4296
2467	4027	4568	4306	4300
2468	4029	4569	4310	4304
2469	4033	4575	4314	4308
2470	4035	4581	4317	4312
2471	4040	4584	4322	4318
2472	4048	4588	4328	4323
2473	4054	4591	4334	4328
2474	4059	4595	4338	4333
2475	4066	4599	4343	4339
2476	4074	4602	4349	4344
2477	4081	4606	4355	4349
2478	4087	4611	4359	4355
2479	4094	4615	4365	4360
2480	4099	4618	4372	4365
2481	4104	4623	4376	4371
2482	4109	4629	4382	4376
2483	4114	4632	4387	4381
2484	4119	4637	4393	4386
2485	4122	4641	4398	4392
2486	4127	4647	4403	4397
2487	4131	4656	4407	4402
2488	4133	4664	4413	4408
2489	4138	4668	4417	4413
2490	4143	4676	4422	4418
2491	4152	4679	4428	4424
2492	4163	4681	4432	4430
2493	4168	4684	4439	4436
2494	4177	4687	4445	4441
2495	4186	4690	4451	4447
2496	4192	4696	4456	4453
2497	4199	4699	4462	4459
2498	4205	4702	4468	4465
2499	4211	4707	4475	4470
2500	4217	4711	4481	4476
2501	4226	4715	4487	4482
2502	4234	4720	4493	4488
2503	4240	4724	4499	4494
2504	4247	4729	4505	4499
2505	4252	4734	4511	4505
2506	4255	4740	4517	4511
2507	4258	4745	4524	4517
2508	4261	4751	4530	4523
2509	4264	4756	4536	4528
2510	4269	4763	4542	4534
2511	4281	4765	4548	4541
2512	4296	4766	4554	4547
2513	4307	4769	4559	4553
2514	4320	4772	4564	4560
2515	4334	4776	4571	4566
2516	4344	4778	4576	4573
2517	4353	4783	4582	4579
2518	4364	4785	4588	4585
2519	4375	4788	4594	4592
2520	4385	4792	4601	4598
2521	4396	4796	4607	4604
2522	4404	4798	4613	4611
2523	4411	4802	4620	4617
2524	4419	4806	4627	4624
2525	4429	4812	4634	4630
2526	4436	4818	4641	4636
2527	4444	4821	4648	4643
2528	4451	4826	4654	4649
2529	4457	4832	4661	4656
2530	4463	4838	4667	4662
2531	4477	4840	4675	4669
2532	4489	4844	4682	4677
2533	4500	4846	4689	4684
2534	4511	4850	4697	4692
2535	4521	4856	4703	4699
2536	4531	4862	4710	4707
2537	4540	4871	4717	4714
2538	4545	4875	4725	4722
2539	4552	4882	4733	4729
2540	4560	4890	4740	4737
2541	4567	4900	4748	4744
2542	4573	4908	4756	4751
2543	4580	4918	4764	4759
2544	4586	4930	4770	4766
2545	4592	4943	4778	4774
2546	4597	4954	4785	4781
2547	4602	4968	4791	4789
2548	4606	4980	4798	4796
2549	4612	4995	4805	4804
2550	4616	5010	4812	4811
2551	4629	5015	4820	4819
2552	4638	5021	4826	4826
2553	4649	5026	4834	4834
2554	4660	5030	4840	4842
2555	4672	5036	4847	4849
2556	4684	5041	4854	4857
2557	4691	5047	4861	4864
2558	4696	5055	4868	4872
2559	4701	5063	4876	4879
2560	4709	5073	4883	4887
2561	4713	5082	4891	4895
2562	4718	5093	4897	4902
2563	4724	5103	4905	4910
2564	4730	5115	4913	4917
2565	4735	5129	4921	4925
2566	4739	5141	4928	4933
2567	4745	5151	4935	4940
2568	4749	5166	4943	4948
2569	4752	5181	4950	4955
2570	4756	5193	4957	4963
2571	4762	5199	4963	4969
2572	4767	5205	4969	4974
2573	4771	5210	4975	4980
2574	4775	5213	4982	4986
2575	4780	5217	4988	4992
2576	4786	5224	4994	4998
2577	4790	5233	5000	5003
2578	4794	5240	5006	5009
2579	4797	5251	5012	5015
2580	4802	5263	5017	5021
2581	4807	5274	5022	5026
2582	4810	5285	5027	5032
2583	4813	5297	5033	5038
2584	4817	5307	5038	5044
2585	4820	5316	5043	5050
2586	4824	5330	5048	5055
2587	4826	5341	5052	5061
2588	4830	5351	5057	5067
2589	4832	5365	5063	5073
2590	4836	5377	5067	5078
2591	4840	5381	5073	5084
2592	4845	5386	5079	5090
2593	4851	5392	5084	5095
2594	4856	5395	5090	5101
2595	4860	5403	5095	5107
2596	4864	5412	5101	5112
2597	4869	5418	5106	5118
2598	4872	5421	5111	5124
2599	4877	5430	5117	5130
2600	4882	5437	5123	5135
2601	4883	5447	5128	5141
2602	4887	5453	5134	5147
2603	4888	5463	5140	5152
2604	4893	5473	5146	5158
2605	4896	5485	5152	5164
2606	4900	5498	5158	5169
2607	4904	5508	5163	5175
2608	4906	5520	5168	5181
2609	4908	5531	5173	5186
2610	4911	5542	5179	5192
2611	4916	5545	5185	5198
2612	4922	5549	5190	5203
2613	4929	5555	5196	5209
2614	4937	5560	5202	5215
2615	4943	5565	5208	5221
2616	4947	5572	5215	5226
2617	4951	5576	5220	5232
2618	4957	5586	5226	5238
2619	4959	5594	5231	5243
2620	4962	5600	5237	5249
2621	4967	5610	5243	5255
2622	4970	5618	5249	5260
2623	4972	5627	5256	5266
2624	4975	5635	5261	5272
2625	4978	5642	5266	5278
2626	4983	5652	5272	5283
2627	4986	5659	5278	5289
2628	4988	5666	5284	5295
2629	4990	5674	5290	5300
2630	4993	5683	5295	5306
2631	4998	5687	5300	5312
2632	5003	5696	5306	5317
2633	5011	5699	5311	5323
2634	5016	5704	5318	5329
2635	5019	5711	5323	5335
2636	5023	5716	5329	5340
2637	5029	5724	5334	5346
2638	5034	5733	5341	5352
2639	5038	5741	5347	5357
2640	5041	5748	5352	5363
2641	5045	5757	5357	5369
2642	5049	5763	5363	5374
2643	5053	5766	5370	5380
2644	5055	5773	5375	5386
2645	5059	5783	5381	5392
2646	5061	5790	5387	5397
2647	5063	5797	5393	5403
2648	5066	5805	5399	5409
2649	5068	5814	5405	5414
2650	5071	5825	5411	5420
2651	5076	5827	5416	5426
2652	5083	5833	5422	5432
2653	5087	5837	5427	5437
2654	5095	5843	5432	5443
2655	5102	5851	5437	5449
2656	5105	5858	5444	5455
2657	5111	5865	5449	5460
2658	5119	5873	5455	5466
2659	5126	5876	5461	5472
2660	5129	5879	5467	5478
2661	5132	5888	5473	5483
2662	5136	5893	5480	5489
2663	5140	5899	5486	5495
2664	5145	5907	5492	5501
2665	5148	5914	5498	5507
2666	5153	5919	5504	5512
2667	5157	5925	5509	5518
2668	5160	5930	5514	5524
2669	5163	5935	5521	5530
2670	5166	5949	5527	5535
2671	5172	5953	5532	5541
2672	5174	5956	5538	5546
2673	5182	5961	5543	5552
2674	5186	5970	5549	5558
2675	5191	5972	5554	5563
2676	5197	5982	5560	5569
2677	5202	5986	5566	5574
2678	5206	5990	5572	5580
2679	5211	5993	5579	5585
2680	5215	6004	5585	5591
2681	5220	6012	5590	5596
2682	5224	6014	5596	5602
2683	5228	6023	5601	5607
2684	5233	6029	5607	5613
2685	5236	6037	5612	5618
2686	5238	6040	5619	5624
2687	5242	6048	5624	5630
2688	5246	6057	5629	5635
2689	5250	6061	5635	5641
2690	5254	6072	5642	5646
2691	5261	6077	5647	5652
2692	5265	6082	5651	5657
2693	5272	6090	5655	5663
2694	5275	6099	5661	5669
2695	5280	6103	5665	5674
2696	5286	6110	5671	5680
2697	5289	6114	5677	5686
2698	5294	6119	5683	5691
2699	5296	6126	5689	5697
2700	5301	6129	5697	5703
2701	5305	6137	5702	5708
2702	5310	6143	5708	5714
2703	5315	6152	5713	5720
2704	5318	6161	5719	5725
2705	5321	6170	5724	5731
2706	5326	6173	5731	5737
2707	5329	6182	5737	5742
2708	5334	6189	5742	5748
2709	5338	6196	5747	5754
2710	5343	6205	5754	5759
2711	5348	6208	5760	5765
2712	5355	6213	5765	5771
2713	5364	6218	5770	5777
2714	5369	6223	5776	5783
2715	5378	6227	5782	5788
2716	5383	6232	5788	5794
2717	5391	6237	5793	5800
2718	5398	6242	5798	5806
2719	5403	6246	5805	5812
2720	5407	6251	5811	5818
2721	5415	6257	5817	5823
2722	5419	6263	5823	5829
2723	5428	6269	5828	5835
2724	5434	6275	5835	5841
2725	5438	6281	5841	5847
2726	5443	6288	5847	5852
2727	5446	6296	5853	5858
2728	5450	6303	5859	5864
2729	5453	6312	5865	5870
2730	5456	6325	5871	5876
2731	5463	6330	5878	5882
2732	5472	6335	5883	5887
2733	5477	6338	5889	5893
2734	5481	6342	5894	5899
2735	5486	6345	5899	5904
2736	5492	6349	5906	5910
2737	5498	6353	5912	5916
2738	5507	6359	5918	5922
2739	5513	6366	5923	5927
2740	5516	6373	5929	5933
2741	5520	6380	5934	5939
2742	5524	6386	5941	5945
2743	5527	6393	5948	5950
2744	5532	6399	5953	5956
2745	5535	6408	5959	5962
2746	5538	6416	5965	5967
2747	5540	6424	5971	5973
2748	5544	6432	5977	5979
2749	5547	6439	5982	5985
2750	5550	6446	5988	5990
2751	5557	6450	5994	5996
2752	5563	6457	5999	6002
2753	5570	6463	6005	6008
2754	5577	6468	6010	6014
2755	5587	6475	6016	6020
2756	5590	6481	6022	6026
2757	5595	6485	6029	6032
2758	5601	6491	6037	6038
2759	5603	6497	6044	6044
2760	5606	6503	6050	6050
2761	5609	6508	6055	6056
2762	5613	6512	6061	6062
2763	5616	6516	6068	6068
2764	5621	6521	6074	6074
2765	5626	6526	6080	6080
2766	5629	6531	6086	6086
2767	5635	6536	6092	6092
2768	5641	6547	6099	6098
2769	5644	6556	6107	6103
2770	5648	6562	6113	6109
2771	5652	6567	6119	6115
2772	5661	6571	6124	6121
2773	5670	6572	6130	6126
2774	5678	6575	6134	6132
2775	5680	6581	6140	6137
2776	5687	6586	6146	6143
2777	5689	6593	6152	6148
2778	5694	6596	6158	6154
2779	5701	6598	6163	6160
2780	5703	6603	6170	6165
2781	5709	6607	6176	6171
2782	5719	6611	6181	6176
2783	5720	6614	6187	6182
2784	5724	6621	6193	6188
2785	5728	6626	6198	6193
2786	5732	6629	6204	6199
2787	5741	6635	6211	6204
2788	5743	6643	6216	6210
2789	5745	6647	6222	6215
2790	5750	6654	6227	6221
2791	5758	6659	6233	6227
2792	5762	6665	6239	6232
2793	5770	6671	6244	6238
2794	5775	6675	6250	6244
2795	5785	6681	6256	6249
2796	5790	6686	6262	6255
2797	5793	6690	6266	6261
2798	5796	6693	6273	6266
2799	5802	6698	6279	6272
2800	5806	6705	6284	6278
2801	5813	6709	6288	6283
2802	5820	6715	6294	6289
2803	5829	6721	6300	6295
2804	5835	6729	6304	6300
2805	5839	6735	6310	6306
2806	5841	6743	6314	6312
2807	5845	6754	6320	6317
2808	5849	6759	6325	6323
2809	5855	6764	6331	6329
2810	5859	6774	6337	6334
2811	5865	6776	6343	6340
2812	5873	6780	6348	6346
2813	5879	6786	6354	6351
2814	5885	6789	6360	6357
2815	5893	6792	6366	6362
2816	5900	6796	6373	6368
2817	5908	6800	6378	6373
2818	5914	6804	6383	6379
2819	5918	6810	6389	6384
2820	5924	6813	6396	6390
2821	5931	6819	6401	6395
2822	5937	6828	6408	6401
2823	5939	6831	6412	6406
2824	5942	6835	6418	6412
2825	5947	6842	6423	6417
2826	5952	6849	6429	6423
2827	5958	6856	6435	6428
2828	5961	6861	6441	6434
2829	5966	6867	6447	6439
2830	5969	6871	6453	6445
2831	5976	6878	6458	6451
2832	5985	6882	6465	6456
2833	5995	6885	6470	6462
2834	6004	6893	6475	6468
2835	6010	6898	6481	6474
2836	6022	6903	6487	6479
2837	6028	6907	6491	6485
2838	6033	6912	6497	6491
2839	6037	6918	6503	6496
2840	6047	6921	6508	6502
2841	6049	6922	6514	6508
2842	6055	6928	6519	6514
2843	6059	6934	6523	6519
2844	6066	6940	6530	6525
2845	6067	6944	6536	6531
2846	6071	6949	6542	6537
2847	6079	6959	6547	6542
2848	6086	6965	6555	6548
2849	6089	6971	6560	6554
2850	6092	6977	6566	6559
2851	6099	6978	6572	6565
2852	6110	6984	6578	6571
2853	6117	6987	6583	6576
2854	6121	6992	6589	6582
2855	6131	6996	6595	6588
2856	6135	7002	6601	6593
2857	6146	7007	6606	6599
2858	6152	7012	6611	6605
2859	6158	7015	6617	6610
2860	6166	7020	6624	6616
2861	6170	7023	6631	6621
2862	6173	7027	6636	6627
2863	6180	7034	6643	6633
2864	6188	7036	6648	6638
2865	6192	7039	6653	6644
2866	6196	7046	6658	6650
2867	6199	7051	6664	6655
2868	6204	7057	6670	6661
2869	6212	7062	6675	6667
2870	6217	7070	6681	6672
2871	6227	7074	6687	6678
2872	6240	7077	6692	6684
2873	6252	7081	6699	6690
2874	6259	7084	6704	6696
2875	6267	7087	6710	6702
2876	6273	7094	6716	6707
2877	6281	7099	6722	6713
2878	6285	7104	6729	6719
2879	6289	7111	6736	6725
2880	6293	7116	6741	6731
2881	6299	7119	6747	6737
2882	6302	7124	6753	6743
2883	6306	7129	6761	6749
2884	6310	7133	6767	6754
2885	6313	7138	6771	6760
2886	6318	7143	6779	6766
2887	6324	7147	6786	6772
2888	6328	7155	6792	6778
2889	6331	7162	6798	6784
2890	6334	7168	6804	6790
2891	6343	7171	6810	6795
2892	6351	7173	6815	6801
2893	6358	7176	6822	6807
2894	6367	7180	6827	6813
2895	6371	7182	6832	6818
2896	6379	7187	6838	6824
2897	6388	7191	6845	6830
2898	6397	7195	6851	6836
2899	6403	7200	6856	6841
2900	6409	7202	6862	6847
2901	6415	7207	6868	6853
2902	6421	7210	6875	6859
2903	6428	7216	6880	6864
2904	6431	7222	6886	6870
2905	6436	7228	6893	6876
2906	6440	7232	6899	6882
2907	6446	7238	6904	6887
2908	6450	7243	6909	6893
2909	6454	7250	6914	6899
2910	6458	7259	6919	6905
2911	6471	7260	6924	6910
2912	6476	7263	6929	6916
2913	6484	7266	6935	6922
2914	6491	7271	6942	6927
2915	6499	7274	6947	6933
2916	6508	7277	6953	6939
2917	6513	7282	6959	6944
2918	6517	7285	6964	6950
2919	6524	7288	6970	6955
2920	6530	7292	6975	6961
2921	6532	7296	6981	6967
2922	6538	7300	6988	6972
2923	6545	7304	6995	6978
2924	6550	7308	7001	6984
2925	6560	7315	7006	6989
2926	6565	7320	7012	6995
2927	6570	7326	7017	7001
2928	6579	7331	7023	7006
2929	6584	7340	7029	7012
2930	6592	7346	7035	7018
2931	6601	7350	7041	7023
2932	6609	7351	7047	7029
2933	6617	7353	7052	7035
2934	6627	7356	7058	7041
2935	6634	7361	7064	7046
2936	6645	7363	7071	7052
2937	6654	7365	7076	7058
2938	6660	7371	7083	7064
2939	6664	7377	7089	7070
2940	6670	7378	7095	7075
2941	6677	7383	7101	7081
2942	6682	7388	7107	7087
2943	6692	7393	7112	7093
2944	6696	7396	7118	7098
2945	6703	7401	7124	7104
2946	6707	7406	7131	7110
2947	6714	7411	7137	7116
2948	6717	7415	7144	7121
2949	6720	7422	7150	7127
2950	6724	7427	7156	7133
2951	6737	7429	7161	7138
2952	6749	7432	7166	7144
2953	6756	7434	7171	7149
2954	6764	7437	7177	7154
2955	6772	7439	7182	7160
2956	6777	7442	7188	7165
2957	6787	7446	7194	7170
2958	6798	7449	7200	7176
2959	6806	7452	7205	7181
2960	6809	7456	7210	7186
2961	6817	7459	7216	7192
2962	6825	7462	7220	7197
2963	6828	7466	7226	7203
2964	6835	7470	7232	7208
2965	6839	7474	7237	7213
2966	6846	7478	7243	7219
2967	6849	7483	7248	7224
2968	6853	7487	7253	7229
2969	6857	7491	7259	7235
2970	6860	7496	7264	7240
2971	6873	7498	7269	7246
2972	6885	7499	7275	7252
2973	6893	7503	7281	7257
2974	6903	7505	7285	7263
2975	6908	7508	7290	7269
2976	6919	7509	7296	7275
2977	6926	7511	7302	7280
2978	6933	7512	7307	7286
2979	6939	7515	7312	7292
2980	6947	7519	7318	7298
2981	6957	7522	7325	7304
2982	6960	7524	7330	7309
2983	6967	7527	7337	7315
2984	6971	7533	7344	7321
2985	6978	7537	7349	7327
2986	6984	7542	7356	7332
2987	6986	7547	7362	7338
2988	6991	7551	7369	7344
2989	6998	7557	7375	7350
2990	7003	7561	7382	7356
2991	7010	7564	7386	7360
2992	7013	7566	7390	7364
2993	7019	7568	7394	7368
2994	7024	7570	7399	7372
2995	7026	7574	7404	7376
2996	7034	7578	7408	7380
2997	7040	7580	7413	7385
2998	7046	7583	7417	7389
2999	7052	7586	7421	7393
3000	7059	7588	7425	7397
3001	7067	7591	7429	7401
3002	7072	7595	7434	7405
3003	7075	7598	7438	7410
3004	7079	7601	7441	7414
3005	7082	7608	7445	7418
3006	7087	7612	7448	7422
3007	7092	7619	7452	7426
3008	7097	7625	7456	7430
3009	7102	7630	7460	7434
3010	7105	7636	7463	7439
3011	7108	7640	7467	7442
3012	7112	7643	7470	7445
3013	7117	7646	7473	7448
3014	7122	7650	7477	7452
3015	7130	7653	7480	7455
3016	7136	7656	7482	7458
3017	7137	7659	7485	7462
3018	7139	7664	7489	7465
3019	7142	7668	7492	7468
3020	7144	7673	7494	7472
3021	7148	7677	7497	7475
3022	7154	7682	7500	7478
3023	7160	7687	7503	7481
3024	7164	7692	7506	7485
3025	7169	7698	7509	7488
3026	7177	7705	7511	7491
3027	7178	7710	7514	7495
3028	7182	7716	7516	7498
3029	7184	7721	7520	7501
3030	7186	7729	7524	7505
3031	7193	7732	7526	7508
3032	7197	7736	7529	7511
3033	7201	7737	7532	7514
3034	7205	7741	7534	7517
3035	7208	7743	7537	7520
3036	7210	7745	7541	7523
3037	7211	7748	7543	7527
3038	7214	7751	7546	7530
3039	7216	7753	7549	7533
3040	7218	7759	7552	7536
3041	7221	7762	7555	7539
3042	7230	7765	7557	7542
3043	7233	7769	7560	7545
3044	7236	7773	7563	7549
3045	7238	7778	7566	7552
3046	7242	7781	7569	7555
3047	7246	7785	7571	7558
3048	7251	7789	7574	7561
3049	7254	7794	7577	7564
3050	7256	7797	7579	7567
3051	7261	7799	7583	7571
3052	7263	7803	7586	7574
3053	7267	7807	7589	7577
3054	7271	7810	7592	7581
3055	7276	7812	7595	7584
3056	7282	7815	7598	7587
3057	7286	7817	7601	7590
3058	7288	7822	7604	7594
3059	7292	7826	7608	7597
3060	7294	7830	7611	7600
3061	7297	7835	7614	7604
3062	7300	7841	7618	7607
3063	7302	7846	7621	7610
3064	7303	7851	7624	7613
3065	7305	7855	7627	7617
3066	7309	7860	7631	7620
3067	7312	7864	7634	7623
3068	7315	7870	7638	7626
3069	7316	7876	7641	7630
3070	7317	7881	7644	7633
3071	7321	7883	7648	7636
3072	7326	7885	7651	7640
3073	7330	7888	7654	7643
3074	7333	7890	7658	7646
3075	7338	7893	7661	7649
3076	7343	7894	7664	7653
3077	7346	7897	7667	7656
3078	7351	7901	7669	7659
3079	7355	7904	7672	7662
3080	7361	7908	7675	7666
3081	7364	7913	7678	7669
3082	7369	7917	7681	7672
3083	7373	7920	7684	7675
3084	7376	7920	7687	7679
3085	7378	7925	7691	7682
3086	7382	7930	7694	7685
3087	7385	7934	7697	7688
3088	7388	7938	7700	7692
3089	7391	7942	7703	7695
3090	7394	7944	7706	7698
3091	7399	7948	7709	7701
3092	7404	7951	7713	7704
3093	7409	7954	7716	7708
3094	7413	7956	7719	7711
3095	7417	7960	7722	7714
3096	7421	7962	7726	7717
3097	7425	7965	7730	7720
3098	7428	7967	7732	7724
3099	7433	7970	7735	7727
3100	7435	7973	7738	7730
3101	7438	7977	7741	7733
3102	7443	7979	7744	7737
3103	7446	7982	7747	7740
3104	7449	7985	7750	7743
3105	7453	7987	7753	7746
3106	7456	7995	7756	7749
3107	7459	8001	7759	7753
3108	7464	8006	7763	7756
3109	7467	8012	7765	7759
3110	7470	8015	7769	7762
3111	7473	8018	7772	7765
3112	7477	8019	7775	7769
3113	7483	8022	7779	7772
3114	7487	8024	7782	7775
3115	7490	8027	7784	7778
3116	7494	8030	7787	7781
3117	7497	8032	7789	7785
3118	7501	8035	7792	7788
3119	7504	8038	7795	7791
3120	7507	8041	7798	7794
3121	7510	8046	7801	7797
3122	7513	8050	7805	7800
3123	7516	8053	7807	7804
3124	7520	8056	7811	7807
3125	7523	8059	7814	7810
3126	7527	8061	7817	7813
3127	7532	8065	7820	7816
3128	7534	8068	7823	7820
3129	7537	8071	7827	7823
3130	7541	8074	7830	7826
3131	7545	8077	7833	7829
3132	7551	8079	7836	7833
3133	7556	8083	7840	7836
3134	7560	8085	7843	7839
3135	7565	8088	7846	7843
3136	7569	8091	7849	7846
3137	7572	8094	7853	7849
3138	7579	8098	7856	7853
3139	7586	8101	7859	7856
3140	7590	8104	7862	7859
3141	7595	8107	7866	7862
3142	7597	8109	7869	7866
3143	7601	8112	7873	7869
3144	7603	8116	7876	7872
3145	7607	8120	7880	7876
3146	7613	8124	7883	7879
3147	7615	8130	7887	7882
3148	7617	8134	7890	7886
3149	7619	8140	7893	7889
3150	7623	8142	7896	7892
3151	7626	8145	7899	7896
3152	7630	8149	7903	7899
3153	7636	8151	7906	7902
3154	7641	8153	7910	7905
3155	7646	8156	7913	7909
3156	7650	8157	7916	7912
3157	7653	8160	7919	7915
3158	7658	8162	7923	7919
3159	7661	8164	7925	7922
3160	7664	8167	7929	7925
3161	7666	8170	7932	7928
3162	7672	8173	7935	7932
3163	7677	8175	7938	7935
3164	7680	8178	7942	7938
3165	7682	8181	7945	7941
3166	7687	8185	7949	7945
3167	7690	8190	7952	7948
3168	7693	8193	7956	7951
3169	7695	8198	7959	7954
3170	7696	8204	7962	7958
3171	7701	8205	7965	7961
3172	7708	8208	7967	7964
3173	7713	8210	7970	7968
3174	7717	8212	7974	7971
3175	7720	8215	7976	7974
3176	7724	8217	7979	7977
3177	7730	8219	7983	7981
3178	7734	8222	7986	7984
3179	7739	8225	7989	7987
3180	7744	8228	7993	7991
3181	7747	8232	7996	7994
3182	7752	8235	8000	7997
3183	7756	8238	8004	8000
3184	7760	8242	8006	8004
3185	7764	8247	8010	8007
3186	7767	8251	8013	8010
3187	7769	8254	8016	8014
3188	7772	8259	8019	8017
3189	7775	8262	8022	8020
3190	7780	8266	8026	8023
3191	7783	8269	8029	8027
3192	7788	8272	8031	8030
3193	7793	8276	8034	8033
3194	7796	8280	8038	8036
3195	7802	8280	8041	8040
3196	7805	8284	8043	8043
3197	7809	8288	8046	8046
3198	7811	8291	8050	8049
3199	7815	8293	8052	8053
3200	7818	8295	8056	8056
3201	7821	8301	8058	8059
3202	7826	8304	8062	8062
3203	7830	8309	8065	8066
3204	7833	8314	8068	8069
3205	7838	8318	8071	8072
3206	7839	8320	8073	8075
3207	7842	8322	8076	8079
3208	7846	8326	8080	8082
3209	7849	8332	8083	8085
3210	7852	8336	8086	8088
3211	7857	8338	8089	8092
3212	7860	8339	8092	8095
3213	7866	8341	8096	8099
3214	7874	8345	8098	8102
3215	7880	8347	8102	8105
3216	7884	8348	8106	8109
3217	7890	8354	8109	8112
3218	7893	8359	8112	8115
3219	7898	8363	8116	8119
3220	7903	8364	8120	8122
3221	7906	8368	8124	8126
3222	7909	8371	8127	8129
3223	7913	8373	8130	8132
3224	7914	8376	8134	8136
3225	7919	8378	8137	8139
3226	7922	8381	8141	8143
3227	7925	8386	8144	8146
3228	7929	8391	8148	8149
3229	7933	8395	8151	8153
3230	7936	8400	8155	8156
3231	7943	8402	8157	8159
3232	7948	8406	8159	8163
3233	7954	8408	8162	8166
3234	7961	8413	8165	8169
3235	7965	8415	8168	8172
3236	7972	8417	8171	8176
3237	7976	8420	8174	8179
3238	7981	8422	8178	8182
3239	7985	8427	8181	8185
3240	7991	8429	8184	8188
3241	7995	8433	8187	8192
3242	8000	8439	8191	8195
3243	8002	8447	8194	8198
3244	8004	8449	8198	8201
3245	8007	8451	8201	8205
3246	8012	8453	8204	8208
3247	8015	8456	8207	8211
3248	8019	8460	8210	8214
3249	8023	8462	8214	8217
3250	8026	8465	8216	8221
3251	8030	8471	8221	8225
3252	8035	8475	8226	8230
3253	8039	8480	8231	8235
3254	8044	8485	8235	8240
3255	8048	8490	8240	8244
3256	8052	8497	8246	8249
3257	8056	8505	8251	8254
3258	8060	8508	8256	8258
3259	8063	8516	8261	8263
3260	8066	8520	8265	8268
3261	8069	8526	8271	8273
3262	8071	8535	8276	8277
3263	8074	8543	8280	8282
3264	8076	8550	8284	8287
3265	8078	8554	8289	8292
3266	8081	8560	8293	8296
3267	8083	8569	8297	8301
3268	8085	8579	8301	8306
3269	8087	8590	8305	8310
3270	8089	8601	8309	8315
3271	8094	8605	8315	8320
3272	8098	8611	8319	8325
3273	8103	8615	8324	8329
3274	8108	8619	8329	8334
3275	8112	8626	8334	8339
3276	8117	8631	8339	8344
3277	8120	8636	8344	8348
3278	8123	8640	8349	8353
3279	8127	8644	8352	8358
3280	8130	8650	8356	8362
3281	8134	8652	8362	8367
3282	8137	8657	8366	8372
3283	8140	8664	8370	8377
3284	8144	8675	8375	8381
3285	8146	8683	8379	8386
3286	8149	8692	8383	8391
3287	8150	8701	8386	8396
3288	8152	8712	8390	8400
3289	8154	8721	8395	8405
3290	8158	8729	8399	8410
3291	8161	8733	8404	8414
3292	8167	8738	8408	8419
3293	8171	8743	8414	8424
3294	8175	8747	8418	8429
3295	8180	8751	8423	8434
3296	8184	8758	8427	8438
3297	8190	8764	8432	8443
3298	8192	8769	8437	8448
3299	8196	8774	8441	8453
3300	8198	8780	8447	8457
3301	8202	8785	8451	8462
3302	8204	8789	8455	8467
3303	8207	8794	8460	8472
3304	8209	8798	8465	8476
3305	8211	8803	8469	8481
3306	8212	8810	8474	8486
3307	8215	8819	8479	8491
3308	8218	8825	8483	8495
3309	8221	8834	8486	8500
3310	8223	8844	8492	8505
3311	8231	8848	8498	8510
3312	8235	8853	8503	8515
3313	8239	8854	8508	8519
3314	8243	8859	8514	8524
3315	8246	8862	8519	8529
3316	8253	8870	8524	8534
3317	8260	8876	8529	8539
3318	8263	8881	8533	8543
3319	8265	8885	8537	8548
3320	8269	8889	8542	8553
3321	8271	8897	8547	8558
3322	8273	8902	8553	8563
3323	8275	8910	8558	8567
3324	8277	8920	8564	8572
3325	8280	8927	8568	8577
3326	8282	8937	8573	8582
3327	8285	8942	8578	8587
3328	8290	8951	8582	8592
3329	8293	8958	8587	8596
3330	8295	8970	8592	8601
3331	8300	8972	8597	8606
3332	8307	8976	8601	8611
3333	8312	8979	8606	8615
3334	8317	8984	8611	8620
3335	8321	8990	8615	8625
3336	8323	8995	8620	8630
3337	8326	8998	8624	8634
3338	8330	9006	8627	8639
3339	8335	9010	8633	8644
3340	8339	9015	8638	8648
3341	8343	9020	8642	8653
3342	8348	9026	8646	8658
3343	8350	9034	8651	8663
3344	8352	9042	8656	8667
3345	8355	9046	8660	8672
3346	8358	9054	8664	8677
3347	8360	9061	8670	8682
3348	8364	9072	8675	8686
3349	8365	9080	8679	8691
3350	8367	9088	8684	8696
3351	8375	9094	8689	8701
3352	8383	9099	8693	8705
3353	8388	9104	8698	8710
3354	8392	9107	8704	8715
3355	8396	9110	8708	8719
3356	8399	9114	8713	8724
3357	8404	9118	8718	8729
3358	8407	9125	8723	8733
3359	8413	9129	8727	8738
3360	8417	9135	8732	8743
3361	8420	9139	8737	8747
3362	8422	9144	8741	8752
3363	8425	9149	8746	8757
3364	8427	9155	8751	8761
3365	8430	9162	8755	8766
3366	8434	9167	8760	8771
3367	8437	9172	8765	8775
3368	8440	9179	8769	8780
3369	8443	9184	8773	8785
3370	8445	9190	8777	8790
3371	8449	9193	8782	8794
3372	8456	9197	8786	8799
3373	8462	9201	8792	8804
3374	8467	9206	8797	8809
3375	8470	9211	8801	8814
3376	8473	9217	8806	8819
3377	8478	9222	8811	8823
3378	8482	9228	8816	8828
3379	8487	9235	8821	8833
3380	8491	9242	8826	8838
3381	8494	9246	8831	8843
3382	8497	9251	8837	8848
3383	8503	9257	8841	8852
3384	8505	9262	8846	8857
3385	8510	9267	8852	8862
3386	8514	9269	8858	8867
3387	8517	9275	8863	8872
3388	8523	9282	8867	8877
3389	8527	9288	8871	8881
3390	8529	9298	8875	8886
3391	8533	9300	8880	8891
3392	8537	9303	8885	8895
3393	8543	9306	8891	8900
3394	8546	9309	8896	8905
3395	8552	9315	8901	8909
3396	8559	9317	8905	8914
3397	8564	9318	8910	8918
3398	8568	9321	8914	8923
3399	8573	9323	8919	8928
3400	8578	9330	8923	8932
3401	8583	9335	8928	8937
3402	8585	9339	8932	8941
3403	8589	9344	8936	8946
3404	8594	9349	8941	8950
3405	8598	9355	8945	8955
3406	8600	9362	8951	8960
3407	8603	9368	8955	8964
3408	8606	9372	8958	8969
3409	8611	9376	8962	8973
3410	8613	9382	8968	8978
3411	8617	9387	8972	8983
3412	8623	9390	8977	8988
3413	8629	9396	8983	8992
3414	8636	9401	8987	8997
3415	8642	9411	8992	9002
3416	8643	9416	8998	9007
3417	8650	9420	9003	9011
3418	8655	9425	9008	9016
3419	8658	9429	9012	9021
3420	8664	9431	9017	9026
3421	8667	9436	9022	9030
3422	8672	9438	9026	9035
3423	8675	9446	9031	9040
3424	8680	9452	9035	9045
3425	8681	9459	9041	9049
3426	8688	9464	9047	9054
3427	8692	9473	9052	9059
3428	8695	9483	9056	9064
3429	8698	9490	9060	9068
3430	8700	9500	9064	9073
3431	8707	9503	9069	9078
3432	8714	9504	9074	9083
3433	8723	9507	9079	9087
3434	8728	9510	9084	9092
3435	8732	9513	9090	9097
3436	8736	9517	9096	9102
3437	8740	9520	9101	9107
3438	8746	9523	9106	9111
3439	8751	9527	9110	9116
3440	8756	9531	9114	9121
3441	8760	9538	9119	9126
3442	8763	9544	9124	9130
3443	8767	9549	9129	9135
3444	8769	9554	9133	9140
3445	8773	9562	9138	9145
3446	8777	9564	9143	9149
3447	8779	9569	9148	9154
3448	8782	9575	9153	9159
3449	8785	9579	9157	9164
3450	8790	9585	9161	9169
3451	8799	9592	9167	9173
3452	8807	9595	9172	9178
3453	8811	9600	9177	9183
3454	8816	9604	9181	9188
3455	8820	9608	9186	9193
3456	8824	9610	9190	9198
3457	8828	9617	9196	9202
3458	8833	9623	9202	9207
3459	8838	9626	9206	9212
3460	8845	9630	9211	9217
3461	8849	9635	9216	9222
3462	8854	9643	9221	9227
3463	8858	9650	9227	9232
3464	8863	9656	9232	9236
3465	8865	9659	9236	9241
3466	8870	9662	9241	9246
3467	8876	9670	9246	9251
3468	8880	9676	9250	9256
3469	8883	9682	9255	9261
3470	8887	9691	9259	9265
3471	8892	9693	9264	9270
3472	8897	9695	9267	9275
3473	8901	9702	9271	9280
3474	8908	9705	9275	9285
3475	8913	9709	9281	9289
3476	8920	9715	9286	9294
3477	8925	9722	9290	9299
3478	8929	9727	9294	9304
3479	8934	9736	9301	9308
3480	8938	9740	9305	9313
3481	8942	9744	9308	9318
3482	8945	9746	9315	9323
3483	8951	9751	9320	9328
3484	8954	9757	9325	9332
3485	8958	9764	9329	9337
3486	8961	9774	9335	9342
3487	8964	9779	9340	9347
3488	8966	9786	9345	9352
3489	8970	9793	9349	9356
3490	8972	9800	9355	9361
3491	8979	9802	9359	9366
3492	8985	9806	9364	9370
3493	8988	9809	9369	9375
3494	8995	9811	9375	9380
3495	9002	9812	9379	9384
3496	9009	9819	9383	9389
3497	9012	9822	9388	9394
3498	9016	9828	9392	9398
3499	9022	9836	9396	9403
3500	9028	9840	9401	9408
3501	9032	9844	9405	9412
3502	9034	9847	9410	9417
3503	9036	9852	9413	9422
3504	9038	9857	9419	9426
3505	9041	9862	9423	9431
3506	9044	9864	9427	9436
3507	9049	9869	9432	9440
3508	9052	9877	9437	9445
3509	9056	9881	9441	9450
3510	9059	9887	9446	9454
3511	9065	9890	9451	9459
3512	9070	9895	9455	9464
3513	9079	9901	9461	9469
3514	9088	9906	9465	9473
3515	9096	9910	9469	9478
3516	9103	9919	9474	9483
3517	9107	9922	9478	9488
3518	9114	9929	9483	9492
3519	9118	9936	9488	9497
3520	9122	9943	9493	9502
3521	9129	9944	9497	9507
3522	9132	9949	9503	9512
3523	9137	9956	9509	9516
3524	9140	9964	9512	9521
3525	9142	9971	9518	9526
3526	9145	9980	9521	9531
3527	9149	9985	9526	9535
3528	9154	9990	9531	9540
3529	9155	9999	9535	9545
3530	9160	10006	9539	9550
3531	9165	10010	9544	9554
3532	9172	10013	9550	9559
3533	9177	10014	9555	9564
3534	9185	10021	9559	9569
3535	9192	10026	9564	9573
3536	9201	10029	9568	9578
3537	9205	10033	9573	9583
3538	9210	10036	9577	9587
3539	9215	10042	9582	9592
3540	9221	10045	9585	9597
3541	9224	10047	9591	9601
3542	9231	10051	9596	9606
3543	9234	10057	9601	9611
3544	9239	10060	9605	9616
3545	9242	10066	9610	9620
3546	9243	10070	9615	9625
3547	9245	10078	9619	9630
3548	9250	10083	9623	9634
3549	9255	10087	9627	9639
3550	9258	10090	9632	9644
3551	9268	10096	9637	9648
3552	9276	10103	9642	9653
3553	9283	10109	9646	9658
3554	9290	10112	9651	9662
3555	9294	10116	9656	9667
3556	9300	10120	9661	9672
3557	9305	10125	9665	9677
3558	9311	10129	9670	9681
3559	9318	10136	9674	9686
3560	9321	10143	9678	9691
3561	9325	10148	9682	9695
3562	9328	10156	9686	9700
3563	9332	10163	9691	9705
3564	9337	10170	9696	9709
3565	9341	10175	9700	9714
3566	9346	10179	9705	9719
3567	9349	10186	9709	9723
3568	9355	10192	9713	9728
3569	9360	10195	9718	9733
3570	9364	10202	9722	9738
3571	9368	10203	9726	9741
3572	9373	10205	9729	9744
3573	9377	10211	9733	9748
3574	9383	10214	9736	9751
3575	9387	10216	9740	9754
3576	9392	10219	9743	9758
3577	9395	10221	9747	9761
3578	9399	10224	9750	9764
3579	9403	10226	9755	9768
3580	9407	10228	9759	9771
3581	9411	10230	9762	9774
3582	9414	10234	9766	9778
3583	9417	10240	9768	9781
3584	9421	10241	9772	9784
3585	9423	10246	9776	9788
3586	9427	10248	9779	9791
3587	9432	10250	9782	9794
3588	9437	10250	9785	9798
3589	9440	10251	9788	9801
3590	9442	10252	9792	9804
3591	9446	10257	9796	9808
3592	9451	10261	9800	9811
3593	9456	10263	9804	9814
3594	9460	10266	9806	9818
3595	9464	10267	9809	9821
3596	9469	10270	9813	9825
3597	9473	10274	9817	9828
3598	9477	10276	9821	9831
3599	9483	10278	9825	9835
3600	9486	10280	9829	9838
3601	9489	10283	9833	9841
3602	9492	10288	9836	9845
3603	9494	10288	9839	9848
3604	9495	10289	9843	9851
3605	9497	10289	9846	9855
3606	9501	10294	9850	9858
3607	9505	10296	9855	9861
3608	9509	10301	9858	9865
3609	9512	10306	9862	9868
3610	9516	10306	9866	9872
3611	9518	10309	9869	9875
3612	9523	10311	9873	9878
3613	9528	10317	9876	9882
3614	9532	10321	9879	9885
3615	9535	10323	9882	9888
3616	9540	10327	9886	9892
3617	9545	10329	9889	9895
3618	9546	10333	9892	9899
3619	9548	10336	9896	9902
3620	9552	10337	9899	9905
3621	9556	10338	9902	9909
3622	9558	10341	9906	9912
3623	9562	10342	9909	9915
3624	9565	10345	9913	9919
3625	9568	10346	9917	9922
3626	9572	10348	9920	9926
3627	9576	10350	9924	9929
3628	9580	10351	9927	9932
3629	9583	10352	9931	9936
3630	9586	10354	9934	9939
3631	9591	10357	9936	9942
3632	9595	10361	9939	9946
3633	9601	10365	9942	9949
3634	9604	10366	9945	9952
3635	9609	10371	9949	9956
3636	9612	10372	9952	9959
3637	9616	10375	9955	9962
3638	9620	10379	9958	9966
3639	9623	10382	9961	9969
3640	9627	10382	9964	9972
3641	9631	10382	9967	9976
3642	9635	10385	9970	9979
3643	9638	10387	9975	9982
3644	9641	10389	9978	9985
3645	9645	10393	9981	9989
3646	9647	10397	9984	9992
3647	9651	10401	9987	9995
3648	9654	10404	9990	9999
3649	9659	10408	9993	10002
3650	9662	10409	9997	10005
3651	9667	10413	10000	10009
3652	9671	10417	10004	10012
3653	9675	10422	10008	10015
3654	9680	10424	10012	10019
3655	9682	10427	10015	10022
3656	9685	10431	10018	10026
3657	9689	10434	10022	10029
3658	9695	10435	10025	10032
3659	9699	10438	10028	10036
3660	9703	10440	10030	10039
3661	9707	10445	10033	10043
3662	9713	10451	10036	10046
3663	9716	10454	10039	10049
3664	9720	10459	10042	10053
3665	9723	10463	10045	10056
3666	9725	10466	10050	10059
3667	9728	10470	10054	10063
3668	9729	10475	10057	10066
3669	9732	10479	10060	10070
3670	9737	10483	10063	10073
3671	9739	10487	10067	10076
3672	9742	10489	10069	10079
3673	9746	10493	10072	10082
3674	9752	10497	10076	10086
3675	9756	10501	10079	10089
3676	9761	10504	10083	10092
3677	9765	10505	10086	10095
3678	9770	10507	10089	10098
3679	9773	10511	10091	10101
3680	9776	10512	10095	10104
3681	9780	10515	10098	10107
3682	9782	10517	10101	10111
3683	9784	10518	10105	10114
3684	9787	10519	10108	10117
3685	9791	10521	10110	10120
3686	9795	10522	10114	10123
3687	9798	10525	10118	10126
3688	9799	10530	10121	10129
3689	9802	10531	10124	10133
3690	9805	10533	10128	10136
3691	9810	10535	10131	10139
3692	9816	10538	10135	10142
3693	9822	10544	10138	10146
3694	9825	10547	10141	10149
3695	9830	10548	10145	10153
3696	9839	10553	10149	10156
3697	9844	10556	10153	10159
3698	9845	10559	10156	10163
3699	9850	10561	10159	10166
3700	9855	10564	10162	10169
3701	9859	10568	10165	10173
3702	9864	10575	10168	10176
3703	9866	10580	10172	10180
3704	9868	10584	10176	10183
3705	9872	10589	10180	10186
3706	9873	10597	10183	10190
3707	9876	10601	10186	10193
3708	9879	10604	10190	10196
3709	9883	10607	10193	10200
3710	9885	10610	10196	10203
3711	9889	10611	10199	10206
3712	9893	10612	10202	10210
3713	9896	10615	10205	10213
3714	9904	10618	10209	10216
3715	9909	10622	10212	10220
3716	9915	10626	10215	10223
3717	9918	10629	10219	10226
3718	9923	10630	10221	10230
3719	9930	10634	10225	10233
3720	9935	10635	10227	10236
3721	9940	10636	10231	10240
3722	9945	10639	10234	10243
3723	9948	10644	10237	10246
3724	9951	10649	10240	10250
3725	9956	10653	10243	10253
3726	9962	10656	10246	10256
3727	9967	10657	10249	10260
3728	9971	10662	10253	10263
3729	9973	10665	10256	10266
3730	9977	10668	10258	10270
3731	9981	10671	10261	10273
3732	9987	10674	10265	10276
3733	9990	10677	10268	10280
3734	9996	10680	10271	10283
3735	10001	10683	10275	10287
3736	10006	10688	10279	10290
3737	10012	10694	10282	10293
3738	10017	10695	10286	10297
3739	10020	10701	10288	10300
3740	10024	10703	10291	10303
3741	10029	10705	10295	10307
3742	10033	10708	10299	10310
3743	10037	10713	10302	10314
3744	10042	10718	10306	10317
3745	10046	10722	10309	10320
3746	10049	10726	10313	10324
3747	10052	10729	10316	10327
3748	10054	10736	10319	10330
3749	10058	10739	10323	10334
3750	10060	10743	10326	10337
3751	10066	10745	10329	10340
3752	10072	10745	10332	10343
3753	10076	10751	10336	10347
3754	10080	10756	10338	10350
3755	10084	10759	10342	10353
3756	10088	10760	10345	10356
3757	10093	10761	10349	10359
3758	10097	10762	10352	10362
3759	10100	10765	10355	10365
3760	10105	10769	10358	10369
3761	10108	10772	10361	10372
3762	10112	10777	10364	10375
3763	10117	10780	10367	10378
3764	10122	10784	10370	10381
3765	10125	10786	10373	10384
3766	10129	10788	10376	10388
3767	10131	10792	10379	10391
3768	10133	10797	10382	10394
3769	10137	10799	10385	10397
3770	10140	10800	10388	10400
3771	10146	10805	10391	10403
3772	10152	10811	10394	10407
3773	10157	10811	10396	10410
3774	10166	10813	10400	10413
3775	10172	10813	10403	10417
3776	10177	10814	10407	10420
3777	10185	10816	10410	10423
3778	10189	10820	10414	10427
3779	10194	10821	10418	10430
3780	10197	10828	10421	10433
3781	10200	10830	10424	10437
3782	10204	10831	10427	10440
3783	10210	10836	10430	10443
3784	10215	10841	10432	10447
3785	10218	10847	10435	10450
3786	10221	10852	10438	10453
3787	10225	10855	10442	10457
3788	10228	10856	10445	10460
3789	10230	10857	10449	10463
3790	10233	10857	10453	10466
3791	10237	10861	10455	10469
3792	10240	10867	10458	10472
3793	10242	10870	10460	10476
3794	10245	10878	10463	10479
3795	10248	10885	10465	10482
3796	10251	10889	10469	10485
3797	10254	10893	10472	10488
3798	10257	10898	10474	10491
3799	10259	10905	10477	10494
3800	10261	10906	10481	10497
3801	10263	10913	10483	10500
3802	10264	10916	10486	10503
3803	10266	10925	10489	10506
3804	10269	10928	10491	10509
3805	10271	10930	10494	10512
3806	10274	10936	10497	10515
3807	10276	10941	10500	10518
3808	10278	10946	10503	10521
3809	10281	10948	10505	10524
3810	10284	10953	10509	10527
